   0,   1,   2,   3,   4,   5,   8,   9,  11,  12
   3,   5,   7,   8,   9,  12, 202, 396, 442, 487
   0,   3,   5,   7,   8,   9,  10,  11,  12, 487
   0,   3,   5,   6,   8,   9,  10,  11,  12, 487
   0,   1,   3,   5,   6,   8,   9,  10,  11,  12
   8,   9,  12,  13,  14,  15, 321, 459, 522, 975
   1,  14,  15,  18,  19,  20,  27,  31,  49,  55
   8,  16,  18,  19,  20,  23, 202, 442, 487, 642
  17,  18,  19,  20,  24,  27,  28,  37, 318, 871
  13,  18,  19,  20,  24,  25,  26,  27, 321, 642
  14,  17,  18,  19,  20,  24,  27,  31,  37, 813
  17,  18,  19,  20,  24,  27,  31,  37, 144, 343
  16,  17,  18,  19,  20,  24,  27,  28,  31,  37
  17,  18,  19,  20,  24,  27,  37, 473, 487, 821
   8,  12,  31,  35, 202, 422, 442, 487, 642, 870
  14,  18,  19,  20,  27,  31,  32,  33,  55, 329
  19,  31,  32,  33,  37,  49,  55, 141, 196, 517
  14,  17,  18,  24,  31,  32,  33,  37, 318, 661
  31,  32,  35,  37,  38,  44, 202, 284, 422, 487
  34,  36,  43,  44, 393, 396, 442, 535, 587, 834
  36,  39,  40,  41,  42,  43,  46,  48, 442, 678
  24,  33,  37,  39,  40,  41,  44,  53,  80, 870
   8,  35,  38,  39,  40, 202, 284, 487, 642, 870
  39,  40,  41,  42,  44,  45,  46,  47,  48, 679
  39,  40,  41,  42,  44,  45,  46,  47,  48, 966
  39,  40,  41,  42,  44,  45,  46,  47,  48,  49
  33,  37,  42,  44,  46,  48,  49,  51,  52, 398
  31,  38,  44,  49,  51,  52,  53,  55,  56, 533
  57,  58,  60, 192, 209, 253, 374, 511, 897,1043
  59,  61,  62,  63,  64,  65, 197, 253, 488, 665
  59,  61,  63,  64,  65, 202, 439, 477, 487, 644
  59,  61,  63,  64,  65,  68, 137, 152, 708, 747
  66,  68, 314, 318, 343, 345, 347, 364, 763, 951
   2,  12,  50,  66,  68, 117, 278, 607, 676, 846
  68,  69,  70, 130, 215, 432, 586, 750, 790, 837
  70,  71,  78, 173, 259, 541, 891, 898, 929,1042
  74,  75, 180, 243, 260, 354, 865,1003,1005,1037
  22,  74,  75,  78, 193, 487, 497, 559, 993, 997
  74,  76,  78,  79,  81, 114, 120, 413, 673, 756
  82,  83,  85,  86,  87,  88,  89,  90, 478, 913
  82,  83,  84,  85,  86,  87,  88,  89,  90, 141
 101, 239, 382, 410, 449, 504, 520, 548, 800,1006
   8,  92,  93,  95,  96,  98,  99, 442, 487, 642
  92,  93,  96,  97,  98,  99, 396, 487, 913, 938
  96, 100, 117, 219, 385, 540, 622, 664, 714, 866
  92,  93,  96,  98,  99, 100, 327, 487, 496, 695
  12,  94,  98, 100, 372, 528, 724, 727, 776, 789
  96, 101, 102, 104, 166, 431, 487, 492, 929,1016
 166, 314, 318, 364, 449, 487, 488, 491, 595, 640
  32, 107, 110, 348, 426, 574, 648, 741, 872, 913
   8,   9, 107, 109, 110, 321, 433, 487, 636, 677
  28, 111, 133, 214, 281, 570, 624, 794, 897, 925
 114, 115, 116, 132, 165, 578, 583, 677, 807, 914
   8, 202, 431, 487, 492, 642, 660, 682, 897, 929
 120, 177, 257, 321, 419, 433, 445, 578, 721, 743
 127, 422, 442, 477, 487, 494, 648, 867, 923,1044
 310, 382, 422, 436, 456, 597, 685, 717, 762, 781
  85, 317, 326, 371, 489, 690, 777, 854, 871, 879
  38, 126, 148, 396, 461, 487, 493, 497, 640, 660
 128, 131, 202, 284, 396, 442, 487, 488, 642, 660
  12,  25, 131, 134, 197, 293, 424, 497, 540, 858
 137, 257, 353, 387, 412, 485, 703, 870, 914, 953
  29, 127, 135, 136, 269, 317, 322, 373, 427, 471
  69, 135, 136, 137, 232, 325, 563, 751, 798,1018
 124, 138, 257, 636, 683, 718, 726, 839, 855, 870
  66, 139, 140, 296, 421, 436, 462, 635, 647, 953
 139, 140, 141, 142, 318, 465, 472, 508, 872, 988
   7, 131, 141, 142, 323, 396, 487, 531, 643, 664
 109, 327, 332, 366, 446, 448, 680, 889,1006,1011
 202, 204, 284, 422, 439, 442, 487, 555, 642, 660
 149, 202, 295, 359, 431, 436, 442, 487, 532, 642
  21,  38, 152, 202, 401, 442, 487, 562, 647, 997
 116, 153, 166, 284, 323, 332, 358, 375, 605, 834
   8, 161, 162, 202, 204, 439, 442, 487, 488, 660
 161, 202, 391, 477, 487, 488, 527, 647, 913,1012
 165, 166, 167, 168, 171, 173, 174, 187, 318, 362
 166, 167, 168, 171, 172, 173, 174, 177, 178, 180
 164, 166, 167, 168, 175, 183, 202, 318, 487,1015
   8, 169, 202, 204, 284, 422, 442, 487, 496, 642
 166, 167, 169, 171, 172, 173, 174, 177, 178, 180
 166, 167, 171, 172, 173, 174, 177, 178, 180, 184
   8, 180, 181, 182, 183, 202, 487, 679, 870, 913
 171, 172, 173, 174, 177, 178, 180, 182, 183, 185
 171, 172, 173, 174, 175, 177, 178, 180, 182, 185
 171, 172, 173, 174, 177, 178, 180, 184, 185, 186
  93, 187, 188, 191, 263, 469, 756, 998, 999,1031
 173, 178, 180, 185, 187, 188, 192, 195, 803, 875
 173, 174, 180, 184, 187, 188, 189, 190, 191, 524
 187, 188, 189, 190, 191, 192, 195, 261, 493, 935
 180, 187, 188, 191, 192, 195, 394, 439, 559, 912
 156, 189, 190, 191, 192, 195, 594, 692, 846, 923
  53, 188, 189, 190, 191, 192, 195, 242, 522, 817
 180, 183, 188, 189, 190, 191, 192, 195, 239, 928
  90, 189, 190, 191, 192, 195, 207, 258, 281, 899
  38, 202, 284, 318, 396, 477, 487, 642, 678, 845
 196, 197, 198, 199, 200, 206, 342, 381, 423, 575
 196, 198, 199, 200, 202, 318, 487, 488, 493, 827
 199, 200, 202, 274, 412, 422, 487, 491, 493, 642
 192, 197, 198, 200, 202, 204, 252, 284, 479, 602
  34,  66, 198, 200, 205, 206, 209, 295, 496, 870
   5,  21, 198, 200, 205, 206, 359, 483, 768, 807
 172, 539, 577, 714, 814, 831, 837, 936, 945,1035
  64,  96, 215, 216, 288, 295, 618, 622, 816,1034
  88, 212, 213, 215, 216, 313, 319, 664, 801, 948
  68, 104, 216, 217, 333, 359, 463, 493, 560, 712
  82, 202, 220, 222, 261, 274, 395, 396, 487, 643
 222, 223, 224, 225, 226, 280, 307, 417, 664, 703
  23,  70, 115, 130, 222, 398, 750, 918, 929, 951
 202, 393, 412, 422, 487, 488, 491, 493, 666, 679
 140, 145, 211, 325, 467, 612, 715, 831, 863, 884
 180, 226, 228, 230, 321, 357, 814, 823, 824, 880
  12,  31, 180, 230, 237, 296, 347, 359, 487, 497
  31, 234, 237, 284, 296, 357, 487, 492, 642, 834
   8, 202, 204, 237, 284, 436, 487, 493, 555, 642
   9, 204, 237, 238, 240, 241, 296, 359, 487, 921
   9,  31,  49,  55, 237, 241, 295, 321, 329, 634
 214, 237, 238, 239, 240, 242, 323, 347, 516, 560
  38, 202, 204, 237, 284, 342, 422, 487, 642, 660
  96, 138, 237, 238, 239, 240, 242, 428, 748, 814
  70, 238, 241, 242, 399, 539, 637, 655, 763,1020
  66, 151, 243, 245, 320, 412, 487, 492, 522, 640
 190, 246, 247, 315, 437, 636, 656, 670, 786, 900
 219, 248, 249, 332, 350, 592, 614, 616, 712, 975
   5, 223, 243, 249, 251, 252, 253, 413, 807, 952
  11,  55, 143, 249, 252, 253, 317, 353, 432, 896
  75, 244, 251, 252, 253, 254, 943, 956, 983,1021
 250, 251, 252, 253, 254, 353, 751, 803, 968,1002
  38, 202, 252, 253, 254, 318, 487, 592, 642, 660
 259, 260, 262, 263, 265, 267, 271, 272, 273, 275
 257, 258, 260, 266, 268, 271, 275, 277, 342, 592
 256, 258, 260, 261, 265, 269, 272, 276, 278, 284
 262, 263, 265, 266, 267, 268, 271, 272, 273, 275
 258, 259, 262, 264, 265, 273, 280, 281, 282, 283
 260, 262, 263, 264, 265, 267, 271, 272, 273, 275
 258, 262, 264, 265, 272, 273, 280, 281, 282, 283
 258, 262, 264, 265, 272, 273, 280, 281, 282, 283
 258, 259, 262, 264, 272, 273, 280, 281, 282, 283
 202, 273, 274, 280, 281, 282, 283, 284, 646,1040
  31, 128, 237, 270, 276, 278, 285, 295, 296, 431
 200, 202, 274, 284, 290, 342, 412, 436, 442, 487
 186, 284, 292, 293, 442, 487, 642, 870, 897, 907
 202, 204, 284, 293, 396, 422, 442, 487, 642, 870
  38, 202, 292, 293, 395, 396, 442, 487, 540, 870
  38, 202, 292, 293, 412, 422, 487, 555, 642, 870
 291, 293, 294, 318, 398, 523, 576, 586, 621, 714
  92, 284, 292, 293, 297, 298, 487, 492, 660, 748
 127, 295, 296, 297, 298, 337, 342, 442, 456, 670
  68, 118, 275, 298, 345, 479, 577, 598, 669, 906
   9,  38, 202, 204, 284, 412, 431, 442, 487, 488
 231, 318, 320, 412, 460, 536, 642, 872, 913, 934
 128, 260, 299, 300, 301, 602, 856, 882, 944, 963
  10,  31, 102, 301, 305, 306, 308, 309, 310, 359
  17,  59, 314, 318, 319, 396, 517, 560, 963,1034
  17, 167, 314, 318, 319, 381, 394, 449, 552,1034
 202, 284, 315, 316, 317, 318, 393, 460, 487, 555
  17, 202, 318, 319, 381, 449, 477, 487, 492, 951
 109, 314, 318, 319, 334, 342, 477, 487, 488,1035
 295, 321, 322, 323, 324, 325, 327, 329, 436, 990
  31, 321, 322, 323, 324, 327, 329, 332, 436, 494
   8, 306, 321, 322, 327, 329, 422, 431, 436, 824
  70,  76, 225, 330, 332, 333, 434, 482, 740, 754
 337, 339, 443, 544, 589, 680, 684, 841, 842, 937
  38, 202, 342, 345, 346, 395, 422, 442, 487, 642
  21, 284, 342, 343, 344, 345, 346, 377, 490, 677
 130, 183, 286, 344, 345, 346, 412, 422, 492, 846
 202, 350, 442, 487, 555, 556, 642, 643, 682, 831
  22,  80, 350, 353, 354, 377, 406, 487, 532, 796
 164, 202, 233, 338, 342, 353, 354, 357, 487, 642
  38,  73, 202, 354, 487, 491, 493, 642, 644, 682
   0,   9,  31, 123, 252, 266, 296, 653, 669, 814
 164, 166, 202, 284, 318, 353, 355, 422, 477, 487
 342, 396, 422, 477, 492, 525, 642, 674, 821, 951
  17, 141, 296, 318, 367, 368, 369, 406, 434, 886
   9, 284, 367, 371, 372, 373, 377, 380, 386, 487
 372, 373, 377, 380, 382, 384, 386, 388, 395, 396
 373, 374, 375, 377, 378, 382, 384, 385, 386, 388
 372, 376, 378, 379, 380, 382, 384, 386, 388, 395
 342, 377, 388, 389, 391, 392, 393, 394, 395, 396
 284, 396, 397, 400, 401, 412, 422, 487, 493, 684
 202, 284, 396, 402, 431, 442, 487, 493, 555, 642
   7, 177, 292, 318, 396, 402, 404, 766, 883, 960
  49, 128, 223, 361, 392, 405, 445, 714, 790, 930
 187, 344, 388, 419, 438, 447, 460, 565, 775, 961
 410, 411, 414, 415, 416, 417, 418, 419, 421, 423
  90, 315, 414, 415, 419, 420, 421, 423, 430, 917
 166, 284, 424, 449, 487, 492, 497, 821, 913, 927
   8,  55, 180, 410, 423, 424, 425, 431, 439, 865
 169, 170, 195, 347, 424, 426, 455, 704, 712, 774
 202, 342, 395, 396, 412, 422, 425, 442, 487, 496
 328, 338, 411, 416, 419, 423, 426, 558, 613, 677
 202, 284, 406, 422, 427, 430, 431, 487, 642, 870
 122, 214, 317, 427, 429, 430, 432, 547, 957,1027
  74, 122, 241, 429, 430, 431, 485, 589, 713, 824
 160, 422, 427, 429, 430, 456, 470, 626, 753,1034
 251, 296, 428, 432, 564, 850, 870, 887, 917,1028
  38, 202, 422, 435, 436, 442, 487, 493, 642, 870
 202, 422, 435, 436, 487, 492, 493, 640, 642, 913
 204, 233, 395, 435, 436, 437, 438, 496, 674, 867
 204, 284, 395, 396, 439, 442, 477, 487, 642, 870
 203, 437, 441, 442, 443, 444, 445, 446, 449, 451
 110, 227, 441, 443, 444, 445, 446, 447, 449, 775
 204, 442, 443, 444, 446, 487, 497, 532, 843, 856
 164, 442, 443, 444, 445, 446, 447, 449, 487, 493
 202, 327, 441, 443, 444, 445, 446, 447, 487, 909
 441, 442, 443, 444, 445, 446, 447, 448, 485, 487
  31, 202, 284, 431, 449, 456, 487, 532, 647, 870
   8, 202, 318, 345, 448, 449, 455, 470, 487, 491
  25,  31, 191, 197, 452, 458, 626, 823, 908, 971
 346, 431, 452, 460, 487, 496, 681, 796, 902, 923
  61,  62, 115, 451, 452, 453, 477, 485, 608, 863
  38, 422, 452, 454, 487, 497, 555, 642, 870, 929
  99, 260, 318, 453, 457, 474, 682, 720, 721, 921
  38, 422, 459, 460, 467, 487, 492, 555, 679, 845
 202, 442, 462, 463, 464, 466, 468, 470, 487, 870
 284, 463, 464, 468, 470, 471, 472, 487, 660, 870
  61, 173, 412, 450, 474, 488, 533, 620, 771,1011
  39, 275, 276, 314, 475, 476, 617, 655, 789,1010
 202, 381, 396, 401, 436, 442, 476, 487, 540, 870
 202, 342, 412, 439, 442, 449, 476, 487, 493, 642
  10, 198, 437, 477, 478, 538, 561, 629, 824, 951
 396, 449, 477, 478, 480, 487, 642, 721, 821, 870
 202, 284, 412, 422, 477, 483, 484, 487, 492, 642
 162, 314, 318, 366, 396, 483, 487, 820, 905,1042
 412, 439, 456, 477, 483, 484, 485, 487, 540, 555
  31, 161, 215, 483, 484, 487, 488, 493, 672, 935
  12, 158, 367, 484, 485, 486, 487, 494, 522, 766
   8,  35, 193, 327, 483, 485, 486, 494, 775, 957
  31, 366, 484, 485, 486, 488, 496, 507, 523, 803
 202, 442, 487, 488, 490, 491, 494, 495, 496, 497
 296, 321, 498, 499, 500, 533, 640, 674, 681, 845
 210, 216, 268, 406, 503, 523, 603, 793, 809, 855
 503, 504, 505, 511, 515, 517, 520, 525, 531, 845
 503, 504, 505, 511, 515, 517, 525, 556, 684, 870
  79, 182, 503, 504, 505, 511, 515, 659, 857, 973
 508, 509, 510, 511, 514, 517, 518, 520, 524, 525
 503, 504, 505, 508, 509, 510, 511, 512, 515, 531
 487, 503, 505, 509, 510, 511, 512, 515, 527, 531
 503, 509, 510, 513, 514, 516, 522, 523, 524, 525
 509, 510, 513, 514, 516, 517, 522, 523, 524, 525
 509, 517, 518, 519, 520, 521, 525, 526, 528, 533
 510, 514, 517, 518, 519, 520, 522, 523, 524, 525
  31, 487, 510, 513, 514, 516, 522, 523, 524, 525
 442, 487, 512, 525, 527, 529, 531, 532, 533, 540
  38, 202, 342, 487, 515, 524, 527, 533, 635, 642
   3, 163, 177, 236, 576, 577, 614, 779, 893, 905
 253, 537, 538, 539, 621, 624, 640, 823, 860, 875
 202, 487, 536, 537, 538, 539, 540, 595, 642, 674
 202, 487, 537, 538, 539, 540, 642, 647, 660, 929
 318, 487, 542, 543, 544, 552, 555, 560, 640, 842
 131, 423, 526, 540, 542, 543, 544, 545, 708, 992
  31, 313, 412, 487, 542, 543, 544, 547, 548, 559
  48, 317, 402, 410, 418, 546, 548, 557, 749, 897
 318, 547, 548, 550, 552, 553, 560, 564, 644, 870
  71, 130, 545, 548, 550, 552, 558, 563, 564,1023
 403, 558, 560, 561, 563, 564, 565, 566, 567, 751
 318, 547, 552, 558, 560, 563, 564, 565, 566, 567
 535, 561, 562, 563, 564, 565, 566, 567, 701, 769
   8,   9, 544, 552, 571, 642, 796, 814, 845,1005
   9,  55,  66, 202, 442, 487, 529, 642, 845, 870
 569, 570, 572, 573, 578, 783, 796, 913, 965, 982
 141, 218, 356, 441, 569, 570, 572, 573, 574, 682
   9, 466, 497, 574, 575, 577, 579, 582, 599, 827
 556, 563, 574, 575, 576, 580, 581, 584, 585, 712
  31, 395, 419, 532, 533, 574, 575, 576, 577, 790
 442, 487, 574, 575, 579, 582, 583, 642, 857, 870
 177, 569, 576, 578, 580, 581, 582, 583, 584, 585
 564, 576, 578, 579, 580, 581, 582, 583, 584, 585
 291, 578, 579, 580, 581, 583, 584, 586, 789,1019
 257, 575, 578, 579, 580, 581, 582, 583, 584, 585
   3,  32, 165, 263, 578, 579, 582, 583, 584, 586
 357, 412, 431, 442, 487, 574, 578, 583, 586, 642
 324, 576, 580, 581, 583, 585, 586, 660, 831, 929
 333, 470, 487, 577, 579, 581, 582, 586, 642, 646
  21, 202, 204, 284, 359, 406, 436, 487, 592, 595
 594, 597, 599, 603, 614, 615, 616, 617, 624, 630
 597, 598, 599, 600, 602, 603, 606, 611, 613, 631
 596, 597, 599, 603, 614, 615, 616, 617, 624, 630
 597, 600, 602, 605, 606, 614, 617, 618, 620, 622
 487, 540, 599, 600, 602, 603, 605, 610, 647, 997
 487, 594, 607, 608, 609, 612, 613, 614, 624, 630
 594, 597, 607, 609, 611, 612, 613, 614, 624, 630
 606, 607, 612, 613, 614, 619, 624, 626, 629, 631
 594, 611, 612, 613, 614, 615, 616, 617, 619, 624
 614, 615, 616, 617, 618, 620, 621, 622, 624, 630
 614, 615, 616, 617, 618, 620, 621, 622, 624, 630
 614, 615, 616, 617, 618, 620, 621, 622, 624, 630
 611, 614, 615, 616, 617, 618, 620, 621, 622, 631
 597, 614, 615, 616, 617, 618, 620, 624, 626, 630
 611, 614, 615, 616, 617, 618, 620, 621, 622, 624
 612, 613, 615, 616, 617, 618, 619, 623, 625, 631
 612, 613, 615, 616, 617, 619, 623, 625, 628, 631
 615, 616, 617, 618, 620, 621, 622, 626, 629, 631
 611, 616, 617, 618, 620, 621, 622, 626, 629, 631
 613, 617, 619, 620, 623, 625, 626, 627, 629, 631
 615, 616, 617, 618, 620, 621, 622, 624, 625, 627
 611, 615, 616, 618, 620, 621, 622, 626, 629, 631
 611, 615, 617, 618, 620, 621, 622, 626, 629, 631
 606, 607, 612, 613, 619, 623, 625, 626, 629, 631
 611, 616, 617, 618, 620, 621, 622, 626, 629, 631
 597, 614, 615, 616, 617, 624, 626, 629, 630, 631
 618, 619, 620, 621, 622, 626, 627, 629, 630, 631
 101, 616, 619, 622, 623, 625, 629, 630, 631, 642
 599, 618, 620, 621, 622, 626, 627, 629, 630, 631
   7,  36, 146, 208, 597, 633, 634, 636, 637, 695
  34, 205, 409, 442, 633, 634, 635, 636, 637, 754
 356, 564, 597, 634, 635, 636, 637, 680, 899,1028
  35, 318, 487, 536, 634, 635, 636, 637, 640, 642
 487, 642, 643, 644, 645, 646, 647, 648, 683, 870
 202, 396, 487, 642, 643, 644, 645, 646, 647, 648
 202, 487, 642, 643, 644, 645, 646, 647, 648, 649
 652, 653, 655, 656, 657, 658, 661, 662, 663, 664
 655, 656, 657, 658, 661, 662, 663, 664, 665, 667
 657, 661, 662, 663, 664, 665, 667, 668, 669, 671
 661, 662, 664, 667, 668, 669, 671, 673, 674, 681
 661, 664, 669, 671, 673, 674, 678, 679, 681, 683
 661, 669, 671, 673, 674, 678, 679, 681, 682, 683
 663, 665, 668, 672, 673, 678, 679, 681, 682, 683
 661, 664, 671, 673, 674, 678, 679, 681, 682, 683
 664, 669, 671, 673, 674, 678, 679, 681, 682, 683
 487, 642, 647, 674, 676, 677, 678, 682, 683, 684
 664, 669, 671, 673, 674, 678, 679, 681, 682, 683
 669, 671, 672, 673, 674, 678, 679, 681, 682, 683
 665, 672, 685, 687, 689, 690, 691, 692, 693, 694
 686, 687, 688, 689, 690, 691, 692, 693, 694, 695
 686, 687, 688, 689, 690, 691, 692, 693, 694, 695
 686, 687, 688, 689, 690, 691, 692, 693, 694, 695
 686, 687, 688, 689, 690, 691, 692, 693, 694, 695
 284, 487, 642, 660, 679, 681, 683, 699, 700, 929
 177, 412, 538, 647, 667, 697, 698, 703, 886, 928
   3,  76, 149, 332, 697, 698, 699, 700, 703, 887
 149, 395, 396, 678, 679, 696, 698, 699, 700, 870
  33, 357, 614, 636, 697, 698, 699, 700, 703,1009
   8, 487, 533, 642, 644, 700, 701, 702, 703, 870
  65, 530, 704, 705, 706, 708, 713, 723, 725, 750
 207, 598, 704, 706, 707, 708, 721, 729, 835, 994
 396, 487, 555, 642, 705, 710, 711, 712, 719, 723
 213, 625, 705, 709, 710, 711, 712, 713, 715, 719
 439, 482, 710, 711, 712, 713, 714, 719, 723, 877
 715, 716, 717, 718, 719, 720, 721, 723, 724, 726
 715, 716, 717, 718, 719, 720, 721, 723, 724, 726
 715, 716, 717, 718, 719, 720, 721, 723, 724, 725
 715, 717, 719, 720, 721, 725, 727, 729, 731, 739
 714, 716, 718, 720, 721, 724, 725, 726, 732, 738
 715, 717, 720, 721, 723, 725, 727, 729, 731, 739
 670, 715, 717, 721, 727, 729, 731, 733, 739, 744
 716, 718, 724, 726, 732, 735, 737, 738, 740, 748
 402, 717, 725, 727, 729, 731, 733, 735, 739, 751
 256, 732, 733, 735, 736, 737, 738, 748, 751, 757
 732, 735, 738, 740, 744, 747, 751, 752, 753, 768
 732, 737, 738, 739, 740, 741, 743, 748, 751, 752
 533, 647, 727, 729, 731, 739, 744, 752, 758, 759
 202, 731, 739, 744, 745, 748, 751, 752, 758, 759
 741, 742, 744, 745, 746, 747, 748, 751, 752, 758
 284, 321, 742, 744, 746, 747, 748, 752, 760, 938
 732, 738, 740, 744, 747, 751, 752, 753, 768, 771
 741, 742, 744, 747, 748, 749, 751, 752, 755, 780
 744, 745, 747, 748, 751, 752, 753, 757, 758, 759
 277, 745, 748, 751, 752, 753, 754, 756, 757, 780
 746, 749, 750, 755, 760, 762, 763, 764, 765, 767
 745, 748, 751, 752, 758, 759, 760, 762, 763, 769
 202, 442, 487, 642, 695, 752, 754, 756, 758, 766
 753, 754, 756, 757, 758, 760, 761, 766, 768, 771
 748, 751, 752, 757, 760, 761, 762, 763, 769, 777
 751, 752, 757, 760, 761, 763, 764, 765, 767, 770
 755, 760, 761, 762, 763, 764, 765, 767, 769, 770
 738, 740, 747, 751, 752, 753, 763, 768, 771, 783
 755, 757, 758, 759, 760, 761, 762, 764, 765, 767
 758, 759, 762, 763, 764, 765, 767, 769, 770, 782
 755, 757, 762, 763, 764, 765, 767, 769, 770, 774
 759, 762, 763, 764, 767, 769, 770, 777, 779, 785
 762, 763, 764, 765, 767, 769, 770, 771, 774, 777
 761, 772, 773, 774, 775, 776, 778, 780, 781, 783
 772, 773, 774, 775, 776, 777, 778, 780, 781, 782
 772, 773, 774, 775, 776, 777, 778, 780, 781, 783
 768, 771, 774, 776, 778, 780, 781, 783, 788, 796
 761, 772, 773, 774, 776, 777, 778, 780, 781, 782
 772, 774, 776, 777, 778, 779, 780, 781, 782, 785
   8, 412, 487, 540, 647, 666, 681, 784, 786, 870
 342, 487, 647, 660, 787, 788, 789, 790, 791, 794
  38, 431, 487, 787, 788, 789, 790, 794, 796, 799
 787, 788, 790, 793, 794, 795, 797, 800, 801, 803
 342, 549, 560, 680, 787, 793, 795, 799, 804, 829
 492, 532, 533, 795, 796, 798, 800, 802, 807, 808
 488, 605, 623, 734, 790, 791, 795, 799, 802, 939
 487, 492, 794, 795, 798, 802, 807, 808, 861, 870
 810, 812, 814, 815, 816, 817, 818, 823, 824, 825
 810, 812, 814, 815, 816, 817, 818, 822, 823, 824
 642, 813, 814, 815, 817, 819, 820, 821, 822, 832
 811, 812, 813, 816, 817, 819, 820, 821, 822, 825
 809, 811, 813, 814, 817, 819, 820, 821, 822, 829
 809, 811, 813, 819, 820, 821, 822, 823, 824, 825
 810, 812, 814, 815, 816, 817, 818, 823, 824, 825
 811, 813, 816, 817, 819, 820, 821, 822, 823, 824
 811, 813, 814, 816, 817, 819, 820, 821, 822, 823
 825, 826, 827, 828, 829, 831, 832, 833, 835, 837
 821, 825, 826, 827, 828, 829, 831, 832, 833, 834
 825, 828, 829, 831, 832, 833, 834, 835, 837, 839
 826, 827, 828, 829, 831, 832, 833, 834, 835, 837
 809, 820, 830, 831, 832, 833, 834, 835, 837, 839
 809, 811, 820, 830, 831, 832, 833, 835, 837, 839
 422, 814, 816, 825, 827, 832, 835, 840, 843, 844
   7, 148, 339, 463, 637, 770, 811, 841, 843, 844
 354, 449, 478, 633, 840, 843, 844, 860, 925,1026
   8, 202, 396, 422, 442, 487, 642, 647, 845, 935
   9, 295, 396, 642, 649, 695, 846, 848, 849, 939
  22,  31, 574, 851, 852, 853, 854, 855, 923, 947
 147, 262, 314, 738, 851, 852, 853, 854, 870,1018
 202, 342, 487, 555, 642, 647, 660, 854, 870, 935
   9, 202, 395, 533, 855, 856, 857, 858, 859, 860
 202, 396, 487, 855, 856, 857, 858, 859, 860, 864
   8, 477, 487, 855, 856, 857, 858, 859, 860, 864
 220, 618, 853, 854, 855, 861, 862, 863, 867, 978
 148, 461, 786, 853, 854, 855, 861, 862, 863,1041
 237, 328, 402, 513, 853, 854, 855, 861, 862, 863
  38, 204, 540, 555, 642, 647, 865, 866, 867, 868
 202, 487, 535, 845, 865, 866, 867, 868, 881,1036
  22,  80, 452, 527, 595, 674, 678, 865, 868, 873
  15,  21,  55, 261, 487, 865, 866, 881, 882, 888
 876, 878, 879, 880, 882, 883, 884, 885, 886, 887
 874, 875, 877, 880, 884, 886, 887, 890, 892, 893
  56, 187, 296, 799, 872, 894, 895, 896, 898, 903
 321, 431, 436, 459, 487, 682, 823, 873, 900,1005
 202, 284, 487, 870, 902, 903, 907, 908, 909, 911
 870, 902, 903, 904, 906, 907, 908, 909, 910, 911
  55, 437, 812, 845, 902, 903, 904, 906, 907, 908
 902, 903, 904, 907, 908, 909, 910, 911, 913, 916
 142, 358, 902, 904, 906, 907, 908, 909, 913, 914
 311, 797, 849, 895, 902, 904, 906, 907, 908, 914
 477, 895, 902, 904, 906, 907, 908, 909, 910, 914
 461, 902, 904, 906, 907, 908, 909, 910, 911, 916
 287, 328, 430, 556, 912, 914, 916, 917, 918, 942
 513, 904, 908, 912, 914, 916, 917, 918, 919, 920
 121, 497, 885, 911, 912, 913, 916, 917, 918, 958
 124, 542, 706, 879, 907, 923, 924, 927, 928, 934
   8,   9, 202, 867, 923, 927, 935, 940, 942, 943
 924, 927, 930, 931, 935, 937, 940, 942, 943, 948
 927, 930, 931, 935, 937, 940, 942, 943, 947, 952
 510, 923, 927, 930, 931, 935, 940, 942, 943, 945
 642, 923, 927, 931, 935, 940, 941, 942, 943, 945
 935, 941, 942, 943, 945, 946, 947, 948, 949, 951
 284, 335, 930, 940, 942, 943, 944, 945, 948,1027
 923, 930, 935, 942, 943, 944, 945, 948, 950, 951
 901, 935, 942, 943, 945, 946, 947, 948, 949, 951
  14,  17,  49, 124, 822, 945, 946, 947, 948, 949
 943, 945, 950, 951, 953, 955, 957, 958, 959, 962
 202, 487, 642, 942, 943, 945, 950, 951, 960, 972
 689, 923, 935, 942, 945, 950, 951, 952, 958, 960
 950, 951, 953, 954, 955, 957, 958, 959, 960, 962
 950, 951, 953, 955, 957, 958, 959, 960, 962, 969
 487, 952, 954, 955, 956, 958, 960, 961, 963, 969
 950, 953, 955, 957, 958, 959, 960, 961, 962, 982
   8,  38, 642, 646, 647, 954, 956, 958, 960, 964
 953, 954, 955, 956, 957, 958, 959, 960, 961, 962
 950, 951, 953, 955, 957, 958, 959, 960, 961, 962
 897, 952, 965, 966, 967, 968, 969, 970, 972, 973
 193, 492, 963, 964, 968, 969, 970, 972, 975, 985
 885, 969, 971, 972, 973, 976, 977, 978, 979, 982
 968, 969, 972, 974, 978, 981, 982, 983, 985, 989
  31, 968, 974, 976, 978, 980, 981, 982, 983, 985
 977, 978, 980, 981, 982, 983, 984, 985, 988, 992
 487, 969, 975, 976, 978, 980, 981, 982, 983, 986
 969, 975, 976, 977, 978, 979, 980, 981, 982, 983
 969, 975, 976, 978, 979, 980, 981, 982, 983, 989
 237, 977, 978, 980, 981, 982, 983, 984, 988, 990
 960, 969, 975, 976, 978, 979, 980, 981, 982, 983
 969, 975, 976, 978, 979, 980, 981, 982, 983, 986
 975, 976, 978, 981, 982, 984, 985, 987, 988, 989
 969, 975, 976, 980, 981, 982, 983, 985, 986, 988
 975, 976, 979, 980, 983, 984, 985, 986, 988, 989
 976, 979, 980, 983, 984, 985, 986, 987, 988, 989
 969, 975, 976, 978, 980, 981, 982, 983, 986, 988
  31, 406, 796, 976, 979, 981, 985, 986, 988, 989
  39, 833, 978, 979, 981, 982, 985, 986, 988, 989
 977, 980, 981, 982, 983, 984, 985, 986, 988, 993
  92, 157, 865, 979, 981, 982, 985, 986, 988, 989
 969, 975, 976, 980, 981, 982, 983, 985, 986, 988
 614, 888, 990, 991, 992, 993, 994, 995, 996, 999
 265, 984, 990, 991, 992, 993, 996, 999,1001,1003
 173, 432, 442, 990, 991, 992, 993, 994, 996,1006
  35, 556, 666, 996, 998, 999,1000,1005,1010,1012
 998,1000,1004,1005,1006,1007,1008,1010,1011,1013
 670, 762, 870, 999,1008,1009,1010,1011,1012,1013
 249, 514, 578,1004,1006,1007,1008,1010,1011,1013
 108, 574,1004,1006,1007,1008,1010,1011,1012,1013
   7, 993,1004,1006,1007,1008,1010,1011,1012,1013
 286, 470,1019,1020,1021,1022,1025,1026,1029,1033
 647, 754, 867,1016,1019,1022,1023,1024,1025,1034
1021,1022,1023,1024,1025,1026,1027,1029,1030,1031
1021,1022,1023,1024,1026,1027,1028,1029,1030,1031
 133, 923,1021,1022,1026,1027,1029,1030,1031,1033
  19, 400, 404, 467, 585,1023,1024,1027,1028,1030
 321, 442, 487, 496, 602,1027,1029,1030,1031,1032
  12, 180, 381, 487, 540, 661, 796,1027,1030,1031
  66, 431, 493,1005,1021,1022,1027,1030,1031,1033
 198, 293, 358, 471, 628, 720, 862, 943, 985,1027
  54, 140, 284, 320, 542, 554, 647, 796,1014,1036
  49, 110, 211, 237, 321, 516, 574,1039,1042,1043
  22, 306, 436, 437, 455, 974,1010,1039,1042,1043
 142, 552, 560, 591,1019,1034,1038,1039,1043,1044
 198, 422, 549, 577, 818, 943, 965,1019,1039,1043
