   8,   9,  14,  17,  26,  28,  30,  33,  40,  47
 106, 107, 109, 110, 113, 114, 116, 121, 122, 123
  68,  86,  92, 101, 106, 111, 115, 121, 122, 123
 105, 106, 112, 117, 118, 119, 120, 121, 122, 123
  58,  80,  83,  91, 105, 112, 117, 118, 119, 120
 143, 144, 145, 146, 147, 148, 149, 150, 152, 156
  37, 149, 150, 151, 152, 154, 155, 160, 161, 174
 164, 167, 168, 169, 171, 173, 175, 181, 182, 183
 163, 165, 170, 172, 179, 197, 210, 229, 233, 238
 196, 202, 214, 232, 235, 237, 239, 246, 247, 248
 240, 242, 243, 244, 245, 249, 253, 262, 266, 268
 240, 242, 243, 244, 245, 249, 253, 262, 266, 268
 240, 242, 243, 244, 249, 253, 262, 266, 268, 270
 170, 172, 197, 210, 227, 233, 238, 285, 292, 298
 275, 277, 280, 281,4602,4606,4609,4615,4622,6363
 189, 203, 284, 285, 287, 293, 294, 295, 296, 299
 284, 287, 293, 294, 295, 296, 298, 299, 305, 306
 285, 292, 298, 302, 305, 306, 307, 308, 311, 316
 327, 329, 331, 333, 337, 338, 341, 342, 346, 347
 324, 326, 328, 330, 339, 340, 341, 342, 343, 428
 349, 353, 355, 356, 360, 362, 364, 367, 368, 369
 348, 350, 352, 357, 358, 359, 384, 401, 405, 435
 353, 355, 360, 362, 364, 369, 370, 376, 407, 428
 377, 385, 389, 394, 399, 400, 404, 418, 424, 436
 379, 390, 394, 395, 399, 404, 410, 418, 424, 436
 379, 385, 389, 390, 395, 399, 400, 417, 419, 426
 357, 358, 359, 384, 401, 402, 405, 415, 435, 442
 458, 464, 466, 467, 468, 471, 472, 474, 475, 477
 513, 514, 515, 516, 517, 518, 521, 524, 525, 526
 550, 551, 552, 553, 559, 561, 565, 567, 569, 578
 538, 547, 548, 553, 559, 561, 565, 567, 569, 579
 581, 582, 584, 590, 591, 593, 594, 595, 596, 598
 606, 614, 619, 620, 622, 625, 627, 629, 632, 633
 600, 602, 604, 608, 609, 611, 614, 615, 621, 623
 622, 625, 627, 629, 630, 632, 633, 634, 636, 637
 639, 640, 641, 643, 644, 648, 649, 650, 653, 654
 669, 674, 675, 676, 677, 678, 680, 685, 687, 721
 676, 679, 680, 682, 684, 686, 690, 693, 698, 706
 709, 711, 713, 715, 716, 717, 719, 720, 724, 726
 777, 779, 780, 781, 782, 784, 785, 786, 787, 790
 774, 775, 776, 778, 781, 785, 786, 787, 789, 790
 666, 813,1684,2898,5125,5146,7483,8023,9248,9469
 858, 867, 868, 869, 876, 878, 890, 891, 892, 896
 869, 876, 878, 887, 888, 890, 891, 892, 894, 896
 859, 891, 895, 899, 900,1101,1874,3540,7191,7731
 881, 882, 886, 888, 889, 890, 891, 892, 894, 896
 857, 877, 895, 898, 899, 900, 901, 902, 903, 904
 920, 924, 941, 944, 945, 946, 947, 948, 949, 950
 914, 969, 970, 973, 974, 975, 976, 977, 979,8139
 981, 982, 983, 985, 987, 988, 989, 993, 998, 999
 993, 996, 998, 999,1006,1007,1008,1013,1020,1025
1019,1020,1021,1022,1024,1029,1042,1044,1046,1050
1062,1070,1071,1075,1076,1077,1078,1079,1080,1082
1060,1061,1066,1074,1084,1086,1091,1092,1097,1099
1106,1108,1112,1113,1114,1116,1117,1119,1121,1126
 336,1122,1124,1128,1129,1130,2631,2895,4608,8233
1138,1139,1142,1143,1144,1145,1146,5904,7613,9383
1150,1152,1154,1155,1158,1163,2490,2849,4076,4532
1158,1163,1174,1175,1178,1899,4020,4540,4608,6258
1203,1205,1212,1213,4602,4606,4609,4615,4618,4622
1237,1238,1239,1240,1242,1243,1245,1249,1443,6362
1261,1265,1269,1271,1272,1273,1274,1277,1278,1283
1258,1262,1268,1272,1274,1275,1279,1281,1282,1284
1268,1269,1270,1273,1274,1275,1279,1281,1282,1284
1286,1287,1288,1301,1303,1307,7447,7885,9076,9140
1295,1297,1298,1302,1304,1305,1306,1307,1310,1311
1294,1296,1301,1303,1304,1305,1306,1307,1310,1311
1313,1314,1315,1316,1317,1318,1319,1320,1323,1327
1244,1320,1335,1337,1339,1914,4119,5321,5355,6510
1344,1345,1346,1349,1350,1352,1353,1354,1355,1356
1379,1385,1386,1388,1396,1397,1398,1399,1402,1404
1385,1388,1399,1413,1415,1417,1418,1419,4608,4618
1424,1428,1430,1627,2232,2548,4136,4786,6169,7888
1509,1512,1513,1514,2697,2757,4606,4609,4618,4622
 111,1509,1511,1512,1514,1515,1516,4018,4615,8190
1543,1549,1554,1555,1556,1558,1559,1560,1562,1564
1566,1567,1568,1569,1570,1571,1572,1575,1577,1586
1573,1574,1576,1577,1578,1579,1580,1581,1582,1583
1553,1565,1588,1589,1596,1600,1607,1609,4609,4622
1549,1556,1564,1585,1590,1595,1601,1602,1606,1611
1620,1625,1632,1633,1635,1645,1661,1669,1670,1671
1612,1649,1675,1677,1683,1686,1687,1691,1692,1695
1637,1647,1664,1666,1667,1672,1674,1696,1699,1710
1637,1647,1664,1666,1667,1672,1674,1696,1699,1710
1666,1667,1672,1674,1710,1722,1724,1725,1729,1734
1726,1731,1736,1737,1738,1739,1740,1741,1742,1776
1737,1743,1745,1748,1753,1754,1755,1760,1773,1781
1744,1745,1746,1748,1749,1750,1751,1755,1757,1760
1776,1779,1782,1794,1796,1802,1803,1804,1808,1812
1776,1779,1782,1790,1791,1793,1803,1804,1808,1812
1763,1769,1770,1780,1785,1786,1787,1800,1813,1818
1743,1761,1762,1764,1768,1773,1781,1799,1809,1810
1743,1761,1762,1768,1771,1773,1781,1799,1809,1810
1770,1774,1775,1777,1786,1800,1805,1807,1813,1814
 492,1811,1815,1822,1823,1882,4602,4608,4609,4615
1838,1849,1850,1851,1852,1854,1855,1860,1863,1877
1834,1857,1861,1864,1866,1867,1869,1874,1886,1906
1854,1855,1857,1860,1861,1863,1864,1867,1877,1908
1853,1856,1859,1862,1872,1875,1876,1898,1901,1902
1909,1910,1912,1914,1915,1918,1919,1920,1924,1934
1909,1914,1915,1918,1919,1920,1923,1924,1926,1931
   2,1997,1998,1999,2000,2387,6188,6813,8842,9569
2010,2014,2015,2018,2024,2026,2032,2037,2040,2041
2019,2020,2021,2023,2026,2029,2030,2031,2033,2045
2043,2055,2060,2061,2062,2064,2069,2076,2078,2079
2106,2115,2125,2128,2130,2133,2135,2142,2143,2147
2115,2119,2122,2130,2131,2133,2134,2135,2142,2143
2084,2088,2093,2103,2111,2115,2117,2125,2126,2133
2157,2158,4606,4609,4618,4993,6363,6478,8126,8136
1237,2157,2158,2308,2714,3978,5389,5426,5555,8474
2172,2179,2181,2182,2183,2184,2185,2187,2188,2207
 295,1021,2175,2177,2178,2182,2184,2185,2186,2187
1881,2212,2218,2225,2231,2236,2256,4018,4175,4622
2244,2246,2251,2252,2260,2279,2282,2287,2297,4602
2243,2245,2250,2256,2257,2270,2284,2285,2289,2290
2245,2250,2256,2257,2270,2280,2281,2285,2289,2290
2254,2258,2262,2263,2271,2272,2273,2274,2275,2303
2244,2246,2251,2252,2260,2276,2279,2282,2287,2297
2261,2264,2265,2266,2267,2269,2277,2278,2286,2288
2298,2301,2304,2306,2307,2309,2311,2312,2316,2318
2320,2325,2328,2334,2335,2337,2338,2339,2347,2370
2345,2357,2361,2366,2372,2375,2377,2378,6186,6477
2384,2385,2386,2390,2391,2392,2393,2395,2398,2399
2384,2385,2390,2391,2392,2393,2394,2395,2398,2399
2384,2385,2390,2391,2392,2393,2394,2395,2398,2399
2389,2405,2408,2410,2412,2413,2424,2428,2444,2449
2412,2413,2416,2422,2429,2433,2439,2441,2443,2446
2405,2408,2410,2412,2421,2424,2428,2437,2444,2449
2464,2466,2478,2480,2491,2524,2586,2619,2626,2662
2471,2472,2475,2476,2478,2479,2480,2481,2484,2505
2465,2469,2477,2482,2497,2504,2515,2526,2603,2684
2542,2545,2560,2561,2579,2596,2604,2617,2621,2663
2494,2510,2527,2541,2575,2582,2614,2618,2628,2661
2522,2558,2585,2608,2612,2619,2623,2626,2635,2662
2494,2510,2527,2541,2575,2614,2618,2628,2658,2661
2546,2574,2576,2582,2591,2620,2636,2658,2660,2675
2565,2574,2582,2591,2620,2636,2658,2660,2661,2675
2510,2575,2614,2618,2628,2700,2702,2703,2704,2711
2717,2719,2720,2721,2724,2725,2727,2728,2731,2736
2726,2757,2759,2769,2771,2773,2774,2779,2784,4602
2787,2789,2790,2791,2792,2794,2797,2798,2803,2812
2787,2789,2790,2791,2792,4602,4606,4608,4615,4622
2787,2789,2790,2791,2792,2793,2794,2798,2803,2812
2790,2794,2798,2801,2803,2807,2812,2815,2818,2823
2799,2805,2810,2816,2825,2826,2827,2828,2829,2830
2794,2798,2829,2831,2832,2833,2834,2837,2844,4602
2836,2838,2840,2842,2844,2845,2846,2853,2856,2858
2872,2877,2882,2892,2895,2897,2898,2903,2904,2905
1203,2688,3510,4606,4608,4609,4615,4618,4622,6362
2871,2884,2888,2891,2893,2895,2897,2899,2900,2903
2869,2874,2885,2894,2899,2900,2902,2903,2904,2905
2927,2928,2944,2947,2950,2951,2956,2958,2967,2970
3018,3021,3022,3023,3026,3027,3029,3039,3042,3048
3021,3023,3026,3027,3029,3033,3034,3039,3042,3048
3038,3043,3044,3045,3049,3050,3051,3053,3054,3055
3038,3061,3062,3063,3064,3065,3066,3067,3068,3069
3041,3046,3061,3063,3064,3067,3072,3073,3081,3082
3088,3090,3093,3094,3105,3117,3122,3134,3137,3144
3087,3101,3105,3108,3114,3122,3127,3129,3131,3134
3101,3127,3129,3131,3142,3143,3148,3150,3151,3152
3181,3185,3186,3192,3193,3194,3195,3196,3198,3199
3258,3261,3262,3263,3264,3265,3267,3269,3273,3283
3284,3285,3286,3287,3288,3289,3290,3294,3295,3299
3301,3305,3310,3313,3316,3319,3324,3326,3328,3332
3290,3309,3314,3320,3322,3323,3329,3331,3334,3338
3360,3361,3363,3364,3365,3366,3367,3368,3379,4602
3360,3364,3365,3366,3367,3368,3371,3379,3381,4622
3386,3387,3389,3390,3391,3392,3395,3396,3399,3405
3386,3389,3390,3391,3395,3396,3398,3399,3405,4615
3392,3395,3396,3397,3399,3400,3402,3407,3410,3412
3388,3394,3395,3396,3399,3401,3404,3409,3411,4622
3025,3399,3424,3429,3430,3435,3437,3444,4608,4622
3507,3511,3512,3517,3518,3519,3520,3523,3529,3532
3547,3550,3551,3553,3556,3610,3615,3617,3636,3663
3560,3587,3610,3615,3617,3636,3639,3663,3690,3721
3632,3640,3642,3643,3646,3649,3650,3654,3660,3667
3652,3661,3670,3675,3676,3677,3679,3688,3689,3699
3717,3719,3723,3724,3736,3738,3741,3742,3743,3748
3773,3775,3778,3784,3785,3787,3796,3803,3810,3811
3830,3835,3836,3837,3838,3839,3843,3846,3850,4602
3845,3854,3855,3856,3857,3861,3862,3863,3864,3865
  79,1968,3874,3875,3876,3882,3890,4086,4566,5902
3880,3883,3885,3886,3889,3891,3921,3948,3954,3966
3968,3979,3980,3991,3992,3993,3994,3995,3996,3997
3999,4001,4002,4003,4005,4006,4007,4008,4009,4013
4016,4026,4027,4030,4031,4032,4038,4041,4043,4051
4025,4032,4033,4034,4035,4036,4037,4040,4042,4053
4027,4029,4032,4033,4034,4035,4037,4040,4046,4049
4010,4011,4017,4018,4028,4036,4044,4045,4487,4602
4032,4040,4042,4044,4048,4049,4050,4051,4052,4053
4058,4059,4060,4066,4067,4069,4070,4079,4080,4090
4087,4088,4089,4090,4091,4092,4093,4094,4096,4097
4087,4088,4089,4091,4092,4093,4094,4096,4097,4098
4087,4088,4089,4090,4091,4093,4094,4096,4098,4100
1205,3164,4063,4081,4086,4111,4112,4113,4114,4769
4131,4133,4135,4136,4137,4138,4141,4142,4143,4145
4131,4133,4135,4136,4137,4138,4141,4142,4143,4145
4145,4146,4157,4161,4165,4166,4169,4170,4173,4176
4186,4193,4194,4197,4198,4199,4254,4602,4606,4609
4192,4201,4213,4221,4226,4227,4230,4240,4241,4250
4200,4201,4202,4203,4204,4205,4209,4212,4215,4222
4206,4210,4211,4214,4223,4232,4234,4235,4236,4242
4213,4221,4226,4230,4232,4234,4236,4240,4241,4250
4208,4215,4217,4227,4229,4231,4237,4246,4247,4251
4208,4215,4217,4227,4229,4231,4237,4247,4251,4252
4255,4257,4258,4259,4264,4265,4269,4271,4294,4295
4256,4262,4263,4266,4267,4268,4269,4270,4274,4282
4299,4301,4302,4303,4304,4305,4306,4307,4308,4311
4300,4301,4303,4304,4305,4306,4311,4341,4615,8148
4299,4300,4302,4306,4307,4308,4309,4310,4312,4315
4302,4307,4313,4319,4324,4335,4338,4344,4346,4349
4313,4315,4316,4317,4320,4323,4331,4332,4334,4347
3478,4339,4340,4341,4342,4351,4352,4353,4609,4622
4355,4371,4372,4373,4374,4375,4376,4379,4382,4408
4372,4373,4374,4379,4382,4408,4423,4424,4441,4450
4446,4447,4448,4450,4454,4455,4458,4459,4460,4461
4466,4469,4470,4472,4473,4477,4480,4481,4482,4484
4469,4470,4472,4477,4479,4480,4481,4482,4483,4484
4470,4476,4477,4479,4480,4481,4482,4483,4484,4608
4485,4488,4491,4493,4494,4495,4496,4499,4500,4512
4487,4503,4506,4512,4521,4523,4525,4526,4533,4615
4549,4550,4564,4565,4567,4570,4606,4608,6485,7945
4549,4552,4560,4563,4564,4572,4574,4588,4589,4592
4550,4562,4563,4564,4565,4567,4568,4569,4570,4583
4550,4560,4562,4563,4564,4565,4567,4568,4569,4570
4575,4576,4577,4579,4580,4581,4582,4585,4586,4588
4575,4576,4577,4579,4580,4581,4582,4585,4586,4588
4575,4576,4577,4579,4580,4581,4582,4585,4586,4588
4617,4650,4656,4661,4672,4675,4685,4700,4707,4710
4718,4719,4721,4724,4726,4728,4729,4730,4731,4732
1688,2755,4741,4742,4743,4749,4784,4850,5126,9744
4761,4762,4763,4764,4765,4766,4768,4769,4770,4776
4761,4762,4763,4764,4765,4766,4768,4769,4770,4776
4763,4765,4768,4769,4770,4772,4775,4779,4784,4786
4802,4806,4812,4815,4817,4822,4831,4834,4842,4858
4809,4811,4816,4818,4819,4824,4829,4832,4837,4856
4809,4811,4816,4818,4819,4824,4829,4832,4836,4837
4863,4865,4866,4868,4870,4875,4886,4891,4892,4896
4865,4866,4868,4870,4875,4886,4891,4892,4896,4921
4902,4907,4908,4909,4910,4912,4913,4914,4917,4919
4904,4911,4918,4930,4939,4946,4947,4955,4960,4983
4952,4953,4954,4965,4967,4971,4973,4980,4981,4982
4986,4987,4988,4993,4994,4995,4996,5003,5004,5065
4609,5030,5038,5041,5050,5058,5067,5070,6477,6478
4931,5073,5075,5076,5081,5084,5085,5086,5087,5088
5105,5115,5117,5118,5119,5120,5121,5127,5130,5147
5115,5117,5118,5119,5120,5121,5124,5127,5130,5133
5115,5117,5118,5119,5120,5121,5124,5127,5130,5132
5160,5161,5162,5163,5167,5169,5174,5180,5183,5192
5159,5165,5166,5168,5171,5182,5184,5186,5187,5196
5176,5177,5188,5189,5194,5195,5198,5199,5201,5203
5205,5211,5212,5214,5220,5232,5237,5243,5247,5252
5204,5207,5230,5244,5245,5248,5292,5293,5312,5355
5221,5222,5225,5231,5255,5259,5265,5270,5271,5289
5321,5338,5340,5341,5342,5343,5347,5352,5357,5361
5347,5352,5357,5361,5362,5370,5374,5377,5380,5387
5356,5359,5361,5365,5367,5370,5372,5373,5378,5379
5370,5371,5381,5384,5387,5389,5390,5391,5392,5393
5384,5387,5389,5390,5391,5392,5393,5400,6363,8132
5403,5405,5406,5407,5408,5409,5413,5414,5419,5433
5405,5406,5407,5408,5413,5414,5418,5419,5433,5438
5444,5445,5454,5457,5461,5462,5463,5467,5471,5480
5439,5442,5446,5451,5456,5460,5465,5466,5468,5479
5450,5452,5454,5457,5461,5462,5463,5465,5472,5477
5444,5445,5452,5454,5462,5463,5467,5471,5477,5480
5499,5500,5501,5502,5510,5512,5513,5517,5520,5521
5499,5500,5501,5510,5512,5513,5515,5517,5520,5521
5512,5513,5515,5517,5520,5521,5523,5530,5555,5556
5484,5528,5529,5531,5532,5533,5535,5537,5538,5541
5493,5496,5503,5518,5539,5540,5543,5546,5547,5548
5498,5505,5509,5525,5527,5529,5542,5560,5561,5562
5490,5531,5532,5534,5542,5545,5549,5550,5559,5563
5492,5494,5495,5530,5554,5555,5561,5562,5563,5564
5611,5614,5615,5618,5622,5624,5629,5630,5631,6076
5690,5715,5719,5720,5722,5725,5745,5746,5748,5753
5675,5681,5688,5695,5698,5705,5707,5709,5710,5713
5690,5719,5720,5722,5725,5745,5746,5748,5753,5756
5721,5726,5727,5732,5733,5734,5738,5739,5744,5750
5677,5680,5701,5712,5739,5743,5757,5759,5777,5801
5778,5780,5789,5791,5805,5809,5810,5812,5813,5821
5797,5800,5803,5804,5806,5809,5810,5811,5812,5813
5791,5797,5798,5800,5803,5804,5805,5806,5809,5811
5810,5812,5813,5850,5851,5852,5853,5854,5855,5885
5837,5838,5839,5840,5841,5842,5844,5850,5852,5853
5837,5838,5839,5840,5841,5842,5844,5850,5852,5853
5837,5838,5839,5840,5841,5842,5844,5850,5852,5855
5845,5846,5857,5862,5873,5880,5888,5890,5891,5904
5860,5863,5866,5867,5869,5872,5875,5911,5919,5921
5849,5850,5851,5852,5853,5854,5855,5864,5865,5885
5816,5870,5871,5874,5876,5878,5879,5881,5882,5883
5816,5870,5871,5874,5876,5878,5879,5881,5882,5883
5905,5906,5907,5908,5910,5912,5913,5915,5916,5917
5905,5906,5907,5908,5910,5912,5913,5915,5916,5917
5900,5914,5922,5923,5926,5931,5932,5946,5960,5963
5864,5865,5912,5915,5927,5928,5929,5930,5933,5940
5906,5907,5910,5913,5916,5917,5928,5929,5930,5940
5908,5912,5913,5915,5916,5917,5928,5929,5930,5940
5926,5931,5932,5938,5942,5946,5948,5960,5963,5968
5905,5906,5908,5915,5916,5917,5928,5929,5930,5940
5863,5866,5867,5909,5925,5945,5947,5949,5950,5951
5959,5972,5974,5977,5982,5985,5988,5989,5992,5994
5887,5900,5914,5968,5976,5977,5979,5983,5984,5997
5972,5974,5979,5982,5984,5985,5988,5989,5992,5994
6004,6015,6017,6018,6025,6028,6029,6032,6033,6039
6009,6016,6018,6020,6027,6028,6029,6031,6034,6036
6009,6016,6018,6020,6026,6027,6028,6029,6031,6036
6009,6016,6018,6020,6026,6027,6028,6029,6031,6036
6095,6096,6097,6098,6099,6100,6101,6102,6103,6104
6095,6096,6097,6098,6100,6101,6102,6103,6104,6106
6120,6122,6125,6127,6128,6129,6133,6134,6135,6145
6196,6199,6201,6202,6203,6204,6205,6207,6208,6209
6226,6227,6228,6229,6233,6234,6235,6236,6237,6238
6262,6263,6266,6270,6271,6275,6286,6289,6298,6306
6310,6311,6314,6315,6317,6318,6321,6328,6330,6341
6344,6345,6350,6352,6353,6354,6356,6357,6358,6360
6344,6345,6350,6352,6353,6354,6356,6357,6358,6360
6367,6371,6383,6385,6386,6387,6391,6401,6410,6427
6398,6409,6421,6422,6423,6424,6426,6428,6430,6432
6409,6421,6422,6424,6430,6432,6436,6437,6441,6447
6362,6363,6364,6434,6440,6444,6449,6454,6455,6457
6408,6422,6423,6426,6428,6432,6436,6437,6441,6447
6358,6361,6410,6416,6418,6439,6441,6446,6447,6456
6387,6401,6439,6446,6456,6466,6467,6469,6470,6488
6491,6495,6496,6497,6498,6499,6500,6501,6502,6503
6491,6495,6496,6497,6498,6499,6500,6501,6502,6503
6494,6504,6505,6506,6514,6516,6520,6526,6528,6529
6506,6514,6516,6520,6521,6524,6526,6528,6529,6532
6566,6567,6568,6569,6578,6584,6589,6593,6595,6597
6570,6571,6572,6574,6576,6577,6579,6580,6582,6583
6573,6574,6576,6577,6579,6580,6581,6582,6583,6601
6588,6589,6590,6593,6595,6596,6597,6598,6599,6600
6573,6574,6576,6577,6579,6580,6581,6582,6583,6601
6614,6615,6617,6620,6621,6622,6625,6626,6627,6629
6642,6644,6645,6646,6654,6659,6662,6666,6669,6673
6642,6644,6645,6646,6654,6659,6662,6666,6669,6673
6689,6697,6702,6703,6704,6705,6710,6711,6712,6716
6688,6691,6692,6693,6694,6695,6696,6698,6699,6700
6701,6702,6703,6704,6706,6707,6708,6714,6717,6718
6750,6753,6756,6757,6762,6763,6765,6766,6776,6779
6750,6753,6756,6757,6762,6763,6765,6766,6776,6779
6780,6781,6786,6787,6794,6803,6810,6812,6819,6821
6860,6861,6863,6875,6876,6878,6884,6885,6890,6892
6797,6844,6848,6849,6856,6859,6866,6868,6883,6891
6858,6860,6861,6863,6875,6876,6878,6884,6885,6890
6898,6903,6904,6905,6906,6907,6912,6914,6916,6924
6866,6883,6891,6901,6913,6915,6917,6919,6936,6962
6898,6904,6905,6906,6907,6912,6916,6923,6924,6930
6926,6934,6939,6940,6942,6952,6953,6954,6955,6957
6915,6959,6960,6962,6963,6970,6973,6982,6989,6993
6968,6971,6972,6975,6976,6979,6980,6981,6984,6992
6974,6983,6985,6987,6995,7002,7005,7011,7026,7034
7002,7005,7011,7026,7032,7034,7046,7056,7059,7066
7010,7016,7020,7023,7024,7027,7028,7029,7030,7031
6977,6978,6999,7006,7008,7013,7025,7040,7051,7058
7035,7036,7045,7047,7048,7091,7097,7100,7102,7109
6999,7006,7007,7008,7013,7025,7040,7050,7058,7062
7027,7028,7031,7054,7081,7085,7090,7099,7101,7110
7110,7113,7118,7120,7122,7128,7133,7143,7144,7146
7089,7103,7112,7123,7127,7141,7148,7159,7164,7185
7084,7088,7092,7135,7145,7157,7158,7166,7170,7199
7116,7117,7125,7130,7131,7132,7136,7137,7138,7139
7116,7125,7130,7131,7132,7137,7149,7150,7161,7163
7152,7154,7155,7160,7162,7167,7169,7171,7192,7214
7151,7152,7153,7154,7155,7156,7162,7167,7169,7192
7159,7164,7177,7179,7185,7197,7198,7213,7220,7240
7091,7097,7100,7102,7109,7207,7233,7234,7235,7238
7181,7182,7183,7184,7186,7187,7188,7189,7191,7193
7261,7265,7267,7268,7271,7272,7276,7279,7289,7290
7265,7267,7271,7277,7278,7279,7282,7283,7284,7287
7267,7268,7272,7274,7276,7282,7283,7287,7289,7290
7265,7268,7272,7276,7277,7278,7279,7287,7289,7290
7301,7306,7309,7312,7314,7316,7317,7325,7330,7335
7295,7300,7302,7303,7305,7306,7307,7308,7310,7312
7315,7328,7334,7354,7362,7366,7379,7416,7419,7422
7297,7322,7328,7334,7350,7362,7366,7382,7389,7399
7330,7335,7336,7338,7341,7344,7347,7351,7352,7359
7298,7307,7310,7319,7323,7324,7329,7355,7383,7388
7294,7390,7393,7394,7397,7404,7405,7406,7421,7425
7459,7460,7463,7467,7470,7473,7474,7475,7479,7480
7447,7467,7470,7471,7473,7474,7479,7483,7485,7486
7441,7445,7458,7461,7464,7465,7469,7490,7493,7500
7477,7478,7487,7489,7503,7512,7523,7525,7528,7530
7538,7539,7541,7565,7573,7588,7596,7608,7609,7626
7550,7559,7563,7570,7572,7577,7579,7585,7592,7599
7539,7541,7565,7588,7596,7608,7609,7626,7641,7647
7686,7688,7691,7699,7707,7709,7722,7726,7731,7743
7704,7706,7708,7709,7710,7714,7715,7720,7722,7734
7697,7701,7713,7718,7719,7723,7729,7735,7740,7742
7735,7740,7742,7757,7758,7760,7761,7765,7766,7771
7696,7729,7735,7740,7742,7757,7758,7760,7766,7771
7705,7736,7738,7750,7751,7752,7754,7755,7759,7760
7748,7749,7756,7763,7764,7767,7768,7769,7770,7776
7752,7757,7758,7759,7760,7761,7762,7765,7766,7771
7752,7757,7758,7759,7760,7761,7762,7765,7766,7771
7782,7783,7784,7785,7787,7792,7799,7800,7804,7808
7793,7794,7796,7797,7802,7805,7807,7811,7812,7813
7829,7833,7834,7836,7838,7847,7849,7851,7852,7855
7826,7828,7830,7831,7832,7837,7844,7845,7848,7859
7835,7841,7842,7843,7846,7850,7857,7858,7862,7866
7842,7846,7850,7857,7858,7862,7866,7875,7882,7884
7786,7893,7895,7902,7918,7923,7928,7929,7931,7933
7918,7923,7927,7928,7929,7930,7931,7932,7933,7943
 567,7893,7902,7923,7925,7927,7928,7929,7931,7933
7934,7935,7936,7937,7938,7939,7943,7946,7947,7951
7961,7968,7972,7975,7976,7981,7982,7983,7984,7985
7996,7997,7999,8004,8006,8007,8009,8011,8012,8014
7996,7997,7999,8004,8006,8007,8009,8011,8012,8014
4602,4622,6362,6363,6455,6478,8025,8136,8139,8148
8048,8052,8058,8059,8060,8066,8067,8072,8073,8077
8047,8049,8050,8053,8054,8055,8056,8057,8062,8063
8048,8052,8058,8059,8060,8066,8067,8072,8073,8077
8078,8080,8082,8083,8084,8085,8086,8089,8090,8091
8078,8080,8082,8083,8084,8085,8086,8089,8090,8091
8096,8097,8098,8100,8101,8102,8104,8108,8111,8112
8119,8122,8125,8126,8127,8128,8129,8147,8164,8168
8125,8127,8128,8129,8143,8147,8158,8163,8165,8167
8134,8138,8142,8145,8146,8150,8153,8154,8155,8159
8125,8129,8147,8163,8164,8165,8167,8168,8213,8261
8262,8263,8264,8276,8277,8278,8280,8287,8288,8294
8331,8347,8348,8351,8359,8362,8363,8364,8367,8372
8379,8381,8382,8383,8384,8385,8386,8387,8389,8390
8421,8423,8424,8425,8427,8429,8431,8432,8433,8434
8449,8450,8462,8464,8466,8470,8471,8472,8476,8477
8449,8450,8452,8461,8462,8463,8464,8466,8471,8477
8448,8449,8457,8458,8461,8462,8463,8464,8466,8477
8462,8466,8471,8472,8476,8489,8494,8500,8503,8504
8506,8507,8510,8511,8513,8516,8526,8530,8537,8540
8506,8507,8510,8511,8513,8516,8526,8530,8537,8540
8506,8507,8510,8511,8513,8516,8526,8530,8537,8540
8506,8507,8510,8511,8526,8537,8540,8541,8542,8543
8575,8580,8582,8585,8586,8587,8589,8594,8595,8596
8574,8580,8582,8587,8588,8590,8592,8593,8594,8595
8575,8580,8582,8585,8586,8587,8591,8594,8595,8596
8661,8663,8664,8668,8674,8678,8680,8686,8691,8694
8722,8741,8742,8743,8744,8753,8755,8756,8787,8809
8725,8731,8737,8740,8751,8754,8768,8770,8781,8785
8725,8731,8734,8740,8751,8768,8770,8781,8785,8786
8787,8793,8796,8801,8804,8806,8809,8810,8819,8823
8798,8799,8803,8813,8825,8826,8829,8834,8838,8842
8853,8854,8855,8857,8859,8864,8870,8874,8882,8895
8856,8861,8863,8866,8872,8875,8879,8896,8903,8904
8856,8861,8863,8866,8872,8875,8879,8904,8906,8907
8857,8860,8862,8864,8867,8868,8869,8870,8871,8877
8865,8883,8885,8890,8891,8892,8893,8900,8902,8905
8917,8919,8922,8925,8928,8929,8930,8932,8933,8944
8918,8919,8924,8926,8934,8935,8939,8940,8941,8943
8918,8924,8926,8934,8935,8939,8940,8941,8942,8943
8935,8940,8943,8945,8946,8947,8951,8952,8954,8964
8939,8940,8945,8946,8947,8951,8952,8954,8964,9029
8946,8951,8952,8953,8956,8957,8958,8959,8960,8962
8955,8961,8971,8973,8976,9004,9005,9007,9008,9010
8963,8965,8969,8970,8972,8974,8977,8982,8983,8999
8954,8967,8986,8987,8992,8995,8996,8997,9000,9002
8951,8952,8964,9004,9005,9010,9018,9029,9030,9033
9056,9058,9067,9073,9074,9076,9080,9085,9087,9089
9051,9053,9066,9068,9069,9071,9072,9075,9077,9088
9096,9097,9098,9101,9103,9106,9108,9113,9118,9120
9093,9114,9124,9125,9141,9142,9144,9165,9175,9176
9140,9141,9142,9144,9165,9175,9176,9182,9199,9207
9137,9155,9159,9164,9166,9170,9184,9193,9209,9238
9138,9139,9146,9147,9148,9153,9158,9174,9178,9192
9167,9171,9172,9177,9180,9185,9187,9189,9196,9197
9180,9185,9187,9189,9191,9196,9197,9200,9203,9204
9137,9155,9159,9164,9166,9170,9184,9193,9209,9253
9185,9187,9189,9191,9196,9197,9200,9203,9204,9206
9187,9189,9191,9196,9197,9200,9202,9203,9204,9206
9210,9212,9214,9215,9217,9218,9221,9222,9223,9224
9153,9158,9174,9178,9192,9231,9248,9251,9254,9257
9230,9232,9233,9235,9237,9240,9241,9242,9246,9247
9230,9232,9233,9237,9240,9241,9242,9245,9246,9247
9139,9147,9174,9178,9192,9231,9248,9251,9254,9257
9229,9235,9237,9242,9246,9249,9250,9255,9256,9258
9229,9230,9240,9241,9245,9249,9250,9255,9256,9258
9166,9209,9219,9236,9238,9242,9243,9245,9252,9253
9229,9233,9235,9237,9247,9249,9250,9255,9256,9258
9153,9158,9174,9178,9192,9231,9248,9251,9254,9257
9263,9268,9271,9273,9287,9291,9292,9293,9295,9302
9287,9290,9291,9292,9293,9295,9302,9305,9306,9310
9276,9289,9299,9300,9303,9307,9309,9311,9313,9315
9356,9357,9359,9364,9366,9370,9371,9373,9387,9392
9336,9339,9348,9351,9352,9354,9376,9389,9393,9404
9417,9424,9427,9428,9430,9434,9437,9438,9442,9450
9411,9414,9418,9420,9422,9435,9439,9445,9453,9463
9414,9418,9422,9439,9445,9453,9454,9455,9460,9463
9410,9411,9420,9435,9439,9443,9453,9454,9455,9460
9520,9521,9525,9526,9528,9529,9530,9534,9538,9541
9517,9521,9525,9526,9536,9538,9539,9542,9545,9546
9521,9526,9545,9548,9550,9551,9554,9556,9557,9587
9561,9562,9576,9579,9580,9582,9584,9585,9586,9588
9568,9570,9583,9589,9590,9591,9592,9593,9594,9595
9576,9598,9599,9600,9601,9602,9603,9606,9607,9608
9587,9610,9611,9612,9613,9615,9617,9618,9621,9622
9587,9610,9611,9613,9615,9617,9618,9622,9623,9624
9610,9613,9615,9616,9620,9625,9626,9627,9629,9633
3097,4554,9612,9620,9621,9630,9632,9634,9637,9638
4578,9647,9650,9653,9659,9660,9661,9662,9676,9680
9697,9698,9701,9703,9705,9707,9709,9710,9715,9725
9700,9704,9717,9722,9724,9727,9730,9731,9733,9740
9708,9714,9721,9732,9735,9736,9737,9738,9741,9744
9713,9718,9719,9723,9724,9728,9731,9734,9739,9742
