0.575576 0.573980 0.566469
0.578925 0.585854 0.551247
0.525860 0.566144 0.624022
0.540877 0.589937 0.585212
0.577116 0.551369 0.587541
0.584583 0.586289 0.545153
0.532205 0.621729 0.562091
0.561901 0.558215 0.595910
0.549416 0.556411 0.610198
0.599488 0.538418 0.578120
0.529315 0.564967 0.621743
0.605500 0.595636 0.514890
0.511488 0.594907 0.609631
0.540158 0.565259 0.610609
0.529370 0.598654 0.588002
0.613777 0.579966 0.522283
0.526006 0.611608 0.578411
0.588557 0.579213 0.548256
0.606809 0.530807 0.578409
0.571772 0.559201 0.585053
0.574526 0.562763 0.578737
0.544267 0.583136 0.588623
0.537825 0.558300 0.619901
0.574688 0.561037 0.580301
0.641051 0.603911 0.471063
0.596237 0.548210 0.571578
0.603010 0.596618 0.516397
0.560527 0.550121 0.605377
0.563477 0.590507 0.562042
0.548466 0.548567 0.618993
0.597934 0.582734 0.535357
0.600449 0.579230 0.536346
0.581139 0.560135 0.574751
0.563105 0.615470 0.537450
0.546506 0.600260 0.569260
0.588525 0.556183 0.571318
0.624256 0.616131 0.475638
0.556850 0.556076 0.603100
0.625614 0.592457 0.497954
0.551490 0.576562 0.587974
0.555146 0.562274 0.598606
0.558467 0.577711 0.579847
0.579956 0.593705 0.542363
0.582963 0.629154 0.503909
0.593603 0.555049 0.567374
0.604672 0.562992 0.548362
0.556259 0.604241 0.555525
0.588796 0.599722 0.527508
0.593050 0.619128 0.503847
0.564482 0.561330 0.590214
0.614064 0.506784 0.595177
0.494407 0.619695 0.601924
0.591040 0.562091 0.562895
0.616464 0.611219 0.488343
0.589071 0.539623 0.587331
0.593283 0.544933 0.577810
0.638259 0.513636 0.564130
0.583718 0.571586 0.560721
0.562524 0.573621 0.579881
0.592107 0.590286 0.533633
0.581199 0.578378 0.556449
0.512156 0.571787 0.632082
0.559010 0.600981 0.556035
0.560540 0.581648 0.573837
0.547142 0.612479 0.556404
0.576806 0.557145 0.582074
0.546700 0.567900 0.601425
0.595075 0.581280 0.539671
0.610878 0.519048 0.586100
0.492365 0.581999 0.641661
0.572632 0.601063 0.542330
0.572631 0.547799 0.595595
0.594070 0.574138 0.547818
0.619542 0.532692 0.563792
0.566736 0.583907 0.565383
0.555420 0.562322 0.598284
0.558922 0.596425 0.560679
0.572256 0.570438 0.573332
0.552016 0.566462 0.597548
0.604835 0.621988 0.489202
0.585310 0.615685 0.515031
0.519762 0.577221 0.619043
0.570522 0.554504 0.590999
0.608696 0.566725 0.540604
0.597910 0.501286 0.616829
0.581277 0.536198 0.598551
0.562678 0.558054 0.595293
0.566703 0.561223 0.588099
0.580713 0.601387 0.533926
0.549684 0.601888 0.564453
0.586774 0.569890 0.559361
0.588998 0.584167 0.542860
0.581615 0.540338 0.594073
0.561491 0.552098 0.602437
0.584239 0.564639 0.567148
0.592573 0.516635 0.606817
0.627393 0.504543 0.584090
0.531524 0.585380 0.599122
0.611034 0.589490 0.515501
0.593279 0.556165 0.566582
0.601553 0.559257 0.555216
0.574980 0.554546 0.586499
0.504863 0.561019 0.650144
0.550506 0.564227 0.601292
0.565802 0.605745 0.544479
0.626362 0.610468 0.479196
0.558728 0.540418 0.616879
0.633367 0.542820 0.539838
0.582141 0.563946 0.569939
0.575483 0.555892 0.584651
0.512472 0.618062 0.585492
0.590735 0.560609 0.564681
0.576941 0.579695 0.559389
0.578446 0.522917 0.614663
0.549371 0.558194 0.608461
0.605143 0.534228 0.576655
0.531180 0.671734 0.513112
0.599371 0.548128 0.568526
0.618282 0.565696 0.532048
0.564192 0.573999 0.577835
0.516514 0.648244 0.551267
0.561184 0.573445 0.581397
0.595849 0.599409 0.520768
0.551928 0.575314 0.588784
0.575261 0.603438 0.537327
0.541923 0.557759 0.616343
0.574068 0.501008 0.640950
0.552379 0.543836 0.619810
0.552813 0.610342 0.552870
0.552908 0.584862 0.578256
0.596099 0.583207 0.536719
0.656520 0.522817 0.536689
0.587154 0.506940 0.621932
0.560777 0.590922 0.564326
0.567419 0.593239 0.555368
0.622302 0.577228 0.516495
0.589845 0.593784 0.532396
0.528365 0.669294 0.518367
0.555555 0.636871 0.523600
0.596750 0.559301 0.559975
0.571842 0.574192 0.569991
0.605655 0.581017 0.529354
0.568520 0.571188 0.576318
0.636227 0.531620 0.548179
0.574536 0.572359 0.569131
0.538166 0.565048 0.612812
0.538189 0.565029 0.612807
0.641615 0.576452 0.497959
0.539309 0.571276 0.605440
0.582963 0.558561 0.574502
0.628347 0.520981 0.566698
0.614923 0.569607 0.531495
0.586848 0.562695 0.566483
0.572054 0.593707 0.550264
0.612760 0.595949 0.507316
0.626480 0.525610 0.563936
0.525659 0.522141 0.668225
0.532411 0.626393 0.557222
0.616483 0.521425 0.578118
0.532401 0.615631 0.567993
0.681234 0.469432 0.565359
0.580766 0.573476 0.561783
0.583538 0.552497 0.579990
0.509193 0.545391 0.661442
0.578367 0.554830 0.582829
0.513090 0.618428 0.584507
0.591473 0.576484 0.548068
0.599253 0.562375 0.554397
0.550983 0.566511 0.598532
0.592985 0.571418 0.551623
0.578949 0.542430 0.594647
0.612296 0.602170 0.501560
0.561531 0.574398 0.580097
0.582912 0.512253 0.620861
0.622283 0.553486 0.540257
0.623008 0.520693 0.572324
0.593006 0.571510 0.551510
0.466095 0.637426 0.612504
0.590038 0.515600 0.610388
0.630817 0.563991 0.521217
0.592645 0.583935 0.539445
0.562833 0.557979 0.595213
0.577225 0.574688 0.564112
0.479700 0.696596 0.539730
0.714111 0.538720 0.463195
0.750500 0.474152 0.491373
0.561897 0.572974 0.581155
0.530898 0.658369 0.526758
0.688900 0.471385 0.555741
0.566250 0.588228 0.561548
0.648594 0.461229 0.606202
0.534580 0.589130 0.592316
0.538110 0.577794 0.600121
0.603836 0.495414 0.616775
0.559041 0.596246 0.560738
0.660260 0.490216 0.565550
0.500706 0.648867 0.566452
0.586644 0.519140 0.610241
0.553898 0.578174 0.583953
0.586405 0.546725 0.582895
0.592413 0.596057 0.527556
0.578386 0.571886 0.565753
0.524936 0.662661 0.528429
0.537202 0.599011 0.579813
0.580306 0.618693 0.517027
0.543642 0.542769 0.629614
0.614453 0.518689 0.582884
0.549660 0.605366 0.560999
0.638407 0.529790 0.547828
0.626251 0.565106 0.524668
0.510266 0.612277 0.593482
0.512320 0.611075 0.592631
0.502292 0.613935 0.599798
0.520615 0.602992 0.592418
0.610765 0.623977 0.481284
0.570249 0.594681 0.551095
0.601949 0.542475 0.571602
0.566248 0.559462 0.590317
0.619818 0.560817 0.535390
0.549226 0.589025 0.577774
0.561247 0.609292 0.545487
0.559982 0.558373 0.597671
0.563960 0.551315 0.600750
0.556749 0.531726 0.627550
0.502112 0.637562 0.576352
0.633125 0.536820 0.546080
0.569951 0.606260 0.539815
0.588576 0.521898 0.605552
0.521419 0.636139 0.558467
0.616948 0.543783 0.555294
0.547944 0.584144 0.583937
0.606555 0.624261 0.485210
0.625212 0.533389 0.557425
0.550298 0.579392 0.586336
0.532156 0.583821 0.600048
0.607589 0.581880 0.526556
0.595535 0.578840 0.541650
0.559788 0.576275 0.579963
0.624998 0.568261 0.522767
0.589971 0.592749 0.533305
0.512187 0.584647 0.619191
0.581894 0.598022 0.536110
0.585588 0.618299 0.512139
0.486064 0.568996 0.660965
0.552144 0.567590 0.596291
0.572716 0.578831 0.564479
0.545111 0.575621 0.595294
0.586095 0.593881 0.536049
0.588207 0.611504 0.516314
0.571796 0.641984 0.502246
0.580862 0.649630 0.485534
0.608798 0.594138 0.513090
0.628294 0.569566 0.518165
0.526542 0.561996 0.627488
0.559276 0.636302 0.520448
0.617254 0.531812 0.566959
0.662340 0.558434 0.495252
0.553944 0.564646 0.597436
0.544206 0.626770 0.545050
0.616306 0.532849 0.566871
0.550169 0.550946 0.614910
0.600848 0.570561 0.544617
0.578742 0.607245 0.530038
0.547126 0.547682 0.621217
0.509205 0.572684 0.634136
0.531845 0.585352 0.598829
0.615198 0.580289 0.520538
0.557358 0.669507 0.489160
0.590729 0.562945 0.562351
0.624651 0.601533 0.489842
0.550017 0.556210 0.609798
0.581579 0.530604 0.603843
0.546149 0.561717 0.608160
0.551551 0.581721 0.582754
0.547585 0.634545 0.533896
0.573159 0.579580 0.563286
0.548920 0.594813 0.572292
0.560817 0.569836 0.585373
0.577128 0.550009 0.588889
0.541582 0.574383 0.600061
0.571468 0.544018 0.600539
0.588815 0.566756 0.560455
0.516451 0.568946 0.630628
0.525011 0.580850 0.610164
0.523845 0.514937 0.677243
0.595980 0.536871 0.583174
0.633858 0.552729 0.529439
0.519096 0.596263 0.600666
0.627462 0.578993 0.509570
0.561614 0.551144 0.603267
0.529677 0.525441 0.660908
0.526654 0.548655 0.640717
0.535495 0.631546 0.548984
0.585983 0.536225 0.593817
0.000000 0.716026 1.000000
0.348943 0.610192 0.756890
0.417725 0.559500 0.738800
0.894211 0.513551 0.308263
0.922961 0.491227 0.301837
0.791636 0.511056 0.413333
