0.0000
0.0000
0.0000
0.0000
0.0000
0.0000
0.0000
0.0000
0.0000
0.0000
0.0000
0.0000
0.0000
0.0072
0.0000
0.0000
0.0003
0.0161
0.0000
0.0000
0.0000
0.0000
0.0000
0.0000
0.0000
0.0045
0.0000
0.0000
0.0000
0.0000
0.0000
0.0000
0.0000
0.0000
0.0000
0.0000
0.0000
0.0150
0.0000
0.0010
0.0000
0.0014
0.0000
0.0000
0.0000
0.0000
0.0198
0.0113
0.0000
0.0000
0.0000
0.0000
0.0000
0.0000
0.0000
0.0000
0.0000
0.0000
0.0019
0.0002
0.0000
0.0030
0.0000
0.0000
0.0000
0.0000
0.0000
0.0000
0.0000
0.0000
0.0000
0.0000
0.0000
0.0000
0.0000
0.0000
0.0000
0.0000
0.0000
0.0000
0.0000
0.0000
0.0000
0.0000
0.0000
0.0000
0.0000
0.0000
0.0000
0.0000
0.0000
0.0001
0.0000
0.0000
0.0000
0.0000
0.0000
0.0001
0.0000
0.0000
0.0000
0.0208
0.0000
0.0000
0.0000
0.0013
0.0000
0.0000
0.0000
0.0000
0.0000
0.0000
0.0000
0.0000
0.0000
0.0004
0.0157
0.0000
0.0000
0.0000
0.0000
0.0000
0.0020
0.0817
0.0000
0.0011
0.0000
0.0000
0.0000
0.0000
0.0148
0.0000
0.0000
0.0000
0.0000
0.0000
0.0000
0.0224
0.0175
0.0000
0.0000
0.0011
0.0000
0.0000
0.0000
0.0000
0.0000
0.0000
0.0000
0.0000
0.0000
0.0000
0.0000
0.0003
0.0000
0.0000
0.0000
0.0000
0.0000
0.0000
0.0000
0.0000
0.0000
0.0044
0.0000
0.0000
0.0000
0.0000
0.0002
0.0235
0.0002
0.0041
0.0000
0.0000
0.0224
0.0000
0.0000
0.0000
0.0000
0.0000
0.0000
0.0000
0.0000
0.0032
0.0000
0.0000
0.0000
0.0006
0.0000
0.0000
0.0000
0.0000
0.0017
0.0000
0.0000
0.0000
0.0000
0.0089
0.0000
0.0000
0.0000
0.0000
0.0009
0.0008
0.0610
0.0000
0.0234
0.0003
0.0000
0.0000
0.0000
0.0160
0.0043
0.0000
0.0000
0.0000
0.0057
0.0028
0.0000
0.0000
0.0000
0.0000
0.0000
0.0000
0.0079
0.0000
0.0000
0.0000
0.0000
0.0000
0.0000
0.0000
0.0000
0.0000
0.0000
0.0007
0.0000
0.0000
0.0000
0.0000
0.0000
0.0084
0.0009
0.0000
0.0154
0.0000
0.0000
0.0000
0.0000
0.0000
0.0187
0.0000
0.0000
0.0000
0.0049
0.0177
0.0000
0.0000
0.0000
0.0104
0.0064
0.0000
0.0013
0.0067
0.0000
0.0000
0.0000
0.0000
0.0074
0.0000
0.0000
0.0000
0.0000
0.0000
0.0008
0.0000
0.0000
0.0000
0.0000
0.0000
0.0000
0.0000
0.0000
0.0022
0.0000
0.0000
0.0000
0.0000
0.0000
0.0000
0.0000
0.0000
0.0000
0.0000
0.0000
0.0000
0.0000
0.0000
0.0057
0.0000
0.0001
0.0000
0.0000
0.0000
0.0207
0.0000
0.0000
0.0209
0.0112
0.0000
0.0000
0.0000
0.0000
0.0002
0.0079
0.0000
0.0000
0.0000
0.0028
0.0002
0.0000
0.0099
0.0000
0.0197
0.0008
0.0002
0.0000
0.0007
0.0025
0.0000
0.0000
0.0000
0.0000
0.0000
0.0126
0.0000
0.0167
0.0053
0.0000
0.0017
0.0011
0.0000
0.0000
0.0001
0.0000
0.0000
0.0000
0.0000
0.0000
0.0000
0.0005
0.0000
0.0220
0.0000
0.0000
0.0000
0.0000
0.0003
0.0008
0.0000
0.0000
0.0182
0.0000
0.0000
0.0031
0.0025
0.0000
0.0000
0.0000
0.0000
0.0000
0.0000
0.0000
0.0000
0.0000
0.0000
0.0007
0.0000
0.0000
0.0000
0.0000
0.0000
0.0000
0.0000
0.0000
0.0000
0.0000
0.0000
0.0103
0.0000
0.0000
0.0145
0.0000
0.0000
0.0000
0.0000
0.0000
0.0000
0.0000
0.0000
0.0000
0.0000
0.0000
0.0000
0.0000
0.0000
0.0000
0.0000
0.0000
0.0000
0.0000
0.0073
0.0000
0.0000
0.0000
0.0000
0.0000
0.0000
0.0000
0.0000
0.0000
0.0008
0.0000
0.0000
0.0000
0.0000
0.0000
0.0004
0.0000
0.0000
0.0000
0.0197
0.0000
0.0000
0.0000
0.0000
0.0188
0.0000
0.0209
0.0090
0.0000
0.0000
0.0001
0.0000
0.0551
0.0000
0.0000
0.0000
0.0000
0.0000
0.0000
0.0000
0.0040
0.0000
0.0000
0.0000
0.0000
0.0000
0.0000
0.0000
0.0000
0.0000
0.0000
0.0000
0.0000
0.0000
0.0000
0.0000
0.0000
0.0000
0.0222
0.0000
0.0000
0.0000
0.0000
0.0000
0.0000
0.0000
0.0109
0.0000
0.0000
0.0000
0.0000
0.0002
0.0021
0.0012
0.0000
0.0005
0.0000
0.0000
0.0000
0.0000
0.0000
0.0056
0.0000
0.0000
0.0000
0.0000
0.0000
0.0000
0.0000
0.0000
0.0000
0.0000
0.0000
0.0000
0.0000
0.0000
0.0000
0.0000
0.0100
0.0000
0.0000
0.0014
0.0002
0.0000
0.0000
0.0000
0.0027
0.0101
0.0015
0.0003
0.0061
0.0000
0.0000
0.0071
0.0082
0.0000
0.0173
0.0000
0.0000
0.0000
0.0000
0.0000
0.0000
0.0065
0.0000
0.0000
0.0000
0.0000
0.0163
0.0000
0.0000
0.0000
0.0001
0.0000
0.0000
0.0000
0.0000
0.0000
0.0000
0.0000
0.0000
0.0003
0.0000
0.0000
0.0000
0.0000
0.0000
0.0000
0.0000
0.0000
0.0000
0.0000
0.0131
0.0072
0.0000
0.0000
0.0000
0.0000
0.0002
0.0000
0.0000
0.0000
0.0000
0.0000
0.0000
0.0000
0.0000
0.0000
0.0000
0.0000
0.0002
0.0000
0.0000
0.0000
0.0000
0.0009
0.0000
0.0130
0.0000
0.0000
0.0000
0.0000
0.0000
0.0000
0.0000
0.0000
0.0000
0.0000
0.0000
0.0008
0.0001
0.0000
0.0033
0.0000
0.0000
0.0000
0.0000
0.0003
0.0000
0.0000
0.0009
0.0016
0.0000
0.0000
0.0000
0.0000
0.0000
0.0000
0.0008
0.0000
0.0201
0.0189
0.0000
0.0000
0.0000
0.0000
0.0058
0.0000
0.0028
0.0000
0.0000
0.0000
0.0000
0.0004
0.0000
0.0000
0.0000
0.0000
0.0000
0.0000
0.0000
0.0000
0.0000
0.0000
0.0000
0.0000
0.0000
0.0000
0.0000
0.0000
0.0000
0.0000
0.0000
0.0000
0.0000
0.0000
0.0000
0.0000
0.0000
0.0020
0.0000
0.1286
0.0000
0.0008
0.0000
0.0000
0.0221
0.0000
0.0000
0.0000
0.0000
0.0115
0.0000
0.0000
0.0000
0.0000
0.0000
0.0000
0.0000
0.0000
0.0000
0.0000
0.0171
0.0000
0.0001
0.0000
0.0232
0.0000
0.0000
0.0000
0.0000
0.0000
0.0000
0.0000
0.0000
0.0000
0.0000
0.0000
0.0000
0.0000
0.0000
0.0000
0.0000
0.0000
0.0000
0.0000
0.0000
0.0000
0.0000
0.0000
0.0000
0.0000
0.0000
0.0000
0.0000
0.0000
0.0132
0.0000
0.0000
0.0202
0.0000
0.0000
0.0000
0.0000
0.0127
0.0032
0.0000
0.0000
0.0000
0.0000
0.0000
0.0000
0.0000
0.0000
0.0000
0.0000
0.0000
0.0000
0.0000
0.0000
0.0000
0.0000
0.0000
0.0000
0.0000
0.0000
0.0000
0.0000
0.0000
0.0000
0.0000
0.0000
0.0193
0.0000
0.0000
0.0000
0.0000
0.0000
0.0141
0.0000
0.0000
0.0021
0.0000
0.0000
0.0000
0.0000
0.0000
0.0000
0.0237
0.0000
0.0000
0.0000
0.0000
0.0153
0.0000
0.0000
0.0000
0.0000
0.0000
0.0000
0.0000
0.0000
0.0000
0.0000
0.0000
0.0000
0.0000
0.0000
0.0000
0.0000
0.0000
0.0000
0.0000
0.0000
0.0000
0.0000
0.0006
0.0000
0.0000
0.0000
0.0000
0.0011
0.0000
0.0000
0.0000
0.0000
0.0000
0.0000
0.0000
0.0075
0.0022
0.0000
0.0001
0.0000
0.0000
0.0170
0.0000
0.0000
0.0000
0.0000
0.0000
0.0000
0.0000
0.0000
0.0000
0.0000
0.0000
0.0000
0.0000
0.0000
0.0000
0.0000
0.0124
0.0000
0.0000
0.0000
0.0003
0.0000
0.0000
0.0000
0.0000
0.0000
0.0013
0.0025
0.0000
0.0105
0.0000
0.0000
0.0000
0.0000
0.0000
0.0000
0.0000
0.0000
0.0000
0.0202
0.0000
0.0161
0.0000
0.0000
0.0000
0.0000
0.0000
0.0000
0.0000
0.0000
0.0000
0.0000
0.0000
0.0000
0.0000
0.0000
0.0000
0.0000
0.0000
0.0000
0.0000
0.0000
0.0000
0.0000
0.0000
0.0000
0.0000
0.0000
0.0000
0.0000
0.0000
0.0000
0.0000
0.0000
0.0000
0.0000
0.0000
0.0000
0.0000
0.0000
0.0190
0.0000
0.0155
0.0012
0.0000
0.0000
0.0000
0.0000
0.0000
0.0000
0.0000
0.0000
0.0083
0.0000
0.0000
0.0000
0.0000
0.0000
0.0000
0.0000
0.0000
0.0007
0.0000
0.0000
0.0000
0.0000
0.0000
0.0000
0.0000
0.0000
0.0000
0.0000
0.0000
0.0000
0.0000
0.0187
0.0000
0.0000
0.0000
0.0000
0.0162
0.0000
0.0000
0.0000
0.0000
0.0000
0.0000
0.0000
0.0000
0.0000
0.0000
0.0000
0.0000
0.0000
0.0000
0.0000
0.0000
0.0000
0.0028
0.0000
0.0000
0.0000
0.0000
0.0174
0.0041
0.0000
0.0167
0.0000
0.0000
0.0000
0.0000
0.0000
0.0000
0.0000
0.0000
0.0000
0.0000
0.0000
0.0000
0.0000
0.0000
0.0000
0.0000
0.0161
0.0053
0.0586
0.0000
0.0000
0.0000
0.0010
0.0000
0.0000
0.0000
0.0000
0.0000
0.0000
0.0000
0.0000
0.0000
0.0000
0.0190
0.0000
0.0000
0.0000
0.0000
0.0000
0.0000
0.0000
0.0054
0.0000
0.0000
0.0000
0.0000
0.0000
0.0000
0.0177
0.0000
0.0000
0.0000
0.0000
0.0000
0.0000
0.0000
0.0000
0.0000
0.0000
0.0000
0.0000
0.0000
0.0000
0.0000
0.0000
0.0000
0.0000
0.0000
0.0000
0.0000
0.0000
0.0002
0.0000
0.0000
0.0000
0.0000
0.0000
0.0000
0.0006
0.0000
0.0000
0.0000
0.0000
0.0000
0.0000
0.0000
0.0213
0.0000
0.0000
0.0000
0.0000
0.0000
0.0000
0.0000
0.0000
0.0000
0.0000
0.0000
0.0000
0.0000
0.0005
0.0000
0.0000
0.0008
0.0050
0.0000
0.0000
0.0000
0.0000
0.0000
0.0000
0.0000
0.0000
0.0016
0.0000
0.0000
0.0000
0.0000
0.0000
0.0000
0.0146
0.0000
0.0000
0.0000
0.0000
0.0000
0.0000
0.0000
0.0000
0.0000
0.0000
0.0174
0.0000
0.0000
0.0186
0.0000
0.0000
0.0000
0.0000
0.0000
0.0000
0.0000
0.0000
0.0000
0.0000
0.0000
0.0001
0.0000
0.0000
0.0000
0.0000
0.0000
0.0000
0.0000
0.0000
0.0008
0.0000
0.0000
0.0000
0.0000
0.0000
0.0000
0.0000
0.0000
0.0013
0.0000
0.0000
0.0000
0.0000
0.0000
0.0000
0.0000
0.0008
0.0010
0.0000
0.0000
0.0000
0.0000
0.0000
0.0000
0.0000
0.0000
0.0000
0.0000
0.0006
0.0000
0.0000
0.0000
0.0000
0.0000
0.0000
0.0000
0.0000
0.0000
0.0000
0.0000
0.0005
0.0003
0.0046
0.0000
0.0000
0.0000
0.0000
0.0000
0.0000
0.0000
0.0159
0.0000
0.0000
0.0000
0.0000
0.0000
0.0000
0.0000
0.0000
0.0000
0.0000
0.0000
0.0119
0.0000
0.0046
0.0000
0.0000
0.0000
0.0000
0.0000
0.0000
0.0000
0.0000
0.0000
0.0000
0.0000
0.0000
0.0000
0.0000
0.0001
0.0002
0.0000
0.0000
0.0000
0.0000
0.0000
0.0000
0.0000
0.0000
0.0229
0.0000
0.0000
0.0000
0.0014
0.0454
0.0000
0.0000
0.0000
0.0000
0.0000
0.1172
0.0000
0.0000
0.0000
0.0000
0.0000
0.0000
0.0000
0.0000
0.0000
0.0000
0.0000
0.0000
0.0000
0.0000
0.0000
0.0000
0.0000
0.0000
0.0000
0.0000
0.0000
0.0000
0.0000
0.0000
0.0000
0.0000
0.0156
0.0080
0.0000
0.0000
0.0000
0.0000
0.0000
0.0008
0.0000
0.0228
0.0000
0.0000
0.0000
0.0000
0.0000
0.0000
0.0000
0.0000
0.0000
0.0000
0.0000
0.0000
0.0000
0.0000
0.0000
0.0000
0.0000
0.0000
0.0000
0.0000
0.0000
0.0010
0.0000
0.0000
0.0195
0.0000
0.0000
0.0066
0.0000
0.0000
0.0000
0.0000
0.0000
0.0000
0.0000
0.0000
0.0000
0.0159
0.0000
0.0000
0.0000
0.0000
0.0000
0.0000
0.0000
0.0000
0.0000
0.0000
0.0000
0.0000
0.0055
0.0182
0.0000
0.0003
0.0000
0.0000
0.0000
0.0168
0.0000
0.0000
0.0003
0.0120
0.0006
0.0000
0.0000
0.0000
0.0000
0.0000
0.0000
0.0000
0.0000
0.0000
0.0000
0.0000
0.0000
0.0111
0.0000
0.0129
0.0000
0.0000
0.0000
0.0239
0.0000
0.0109
0.0000
0.0000
0.0000
0.0000
0.0000
0.0129
0.0000
0.0000
0.0000
0.0000
0.0000
0.0000
0.0000
0.0000
0.0000
0.0000
0.0000
0.0000
0.0000
0.0000
0.0000
0.0000
0.0000
0.0002
0.0000
0.0001
0.0000
0.0000
0.0000
0.0000
0.0000
0.0000
0.0000
0.0002
0.0000
0.0000
0.0000
0.0000
0.0000
0.0000
0.0000
0.0162
0.0000
0.0000
0.0000
0.0000
0.0000
0.0000
0.0064
0.0000
0.0000
0.0000
0.0000
0.0000
0.0000
0.0000
0.0008
0.0031
0.0000
0.0000
0.0118
0.0000
0.0000
0.0000
0.0000
0.0075
0.0048
0.0000
0.0000
0.0000
0.0000
0.0000
0.0156
0.0000
0.0000
0.0117
0.0000
0.0000
0.0000
0.0000
0.0000
0.0000
0.0000
0.0000
0.0000
0.0000
0.0000
0.0015
0.0020
0.0000
0.0000
0.0000
0.0076
0.0001
0.0000
0.0000
0.0000
0.0000
0.0000
0.0021
0.0000
0.0000
0.0000
0.0000
0.0000
0.0000
0.0000
0.0000
0.0000
0.0000
0.0000
0.0000
0.0000
0.0000
0.0000
0.0000
0.0000
0.0000
0.0000
0.0000
0.0000
0.0003
0.0000
0.0000
0.0000
0.0000
0.0000
0.0000
0.0000
0.0109
0.0000
0.0000
0.0000
0.0000
0.0000
0.0000
0.0000
0.0000
0.0179
0.0000
0.0008
0.0000
0.0201
0.0003
0.0000
0.0000
0.0000
0.0000
0.0000
0.0000
0.0000
0.0000
0.0000
0.0000
0.0000
0.0000
0.0153
0.0000
