0,1,2,3,4,5,8,9,10,12
3,7,8,9,12,202,477,487,496,870
0,3,5,7,8,9,10,11,12,487
0,3,5,6,8,9,10,11,12,679
0,3,4,5,6,8,9,10,11,12
3,9,11,12,13,14,15,224,528,1016
4,13,14,15,18,20,31,55,513,814
16,18,19,20,23,29,202,396,442,487
16,17,18,19,20,24,27,28,31,404
18,19,20,25,26,27,128,422,499,863
17,18,19,20,24,27,31,37,430,526
17,18,19,20,24,27,31,37,471,513
14,17,18,19,20,24,27,31,56,451
17,18,19,20,24,27,28,33,436,929
8,9,31,35,202,396,442,487,642,870
12,18,19,20,27,31,32,33,55,439
18,31,32,33,37,44,49,53,212,375
17,18,19,24,31,32,33,37,51,318
31,32,35,37,38,44,55,487,540,997
34,36,44,131,377,395,504,624,679,935
36,39,40,41,42,46,47,48,202,395
24,33,37,39,40,41,44,51,230,345
38,39,40,202,442,487,492,642,683,870
39,40,41,42,44,45,46,47,48,49
36,39,40,41,42,44,45,46,47,48
39,40,41,42,44,45,46,47,48,49
37,41,42,44,46,48,49,51,52,53
12,31,49,51,52,53,55,359,523,870
0,56,57,58,60,278,540,670,699,826
59,61,62,63,64,65,68,73,404,881
38,59,61,63,64,65,202,399,449,487
59,61,63,64,65,68,477,803,913,959
59,66,67,68,197,352,471,533,635,1015
66,68,272,345,359,431,449,746,983,1016
49,54,68,69,277,332,390,462,818,1038
68,70,71,335,364,411,432,775,969,1000
53,74,75,79,494,688,820,830,843,905
12,74,75,78,340,491,492,496,575,913
76,78,79,86,162,339,422,542,555,1033
82,83,84,85,86,87,88,89,90,141
64,82,83,85,86,87,88,89,90,352
98,303,309,373,518,628,812,1004,1041,1043
92,93,95,96,98,99,338,665,870,1031
8,92,93,96,97,98,99,101,535,660
99,100,101,187,238,438,450,756,864,923
9,92,93,96,98,99,278,412,487,801
92,94,100,151,171,540,703,757,851,981
96,101,102,104,166,202,396,487,555,854
166,167,345,393,487,512,674,870,923,1015
107,110,230,368,375,503,518,567,952,1031
8,9,31,49,107,110,396,442,487,499
111,123,292,328,497,565,761,818,879,950
108,114,115,116,198,265,310,614,696,1023
12,38,202,442,487,491,492,651,676,929
62,110,119,120,205,477,512,632,642,919
97,101,122,166,202,284,396,449,487,666
111,152,244,666,718,768,849,857,872,1042
12,29,88,124,225,489,496,597,685,923
97,126,202,342,381,487,493,595,642,866
131,202,204,442,487,497,642,647,660,870
137,172,204,207,439,540,634,782,832,935
135,137,177,352,456,593,816,834,891,927
135,136,140,200,258,327,620,838,897,935
22,82,135,136,137,260,677,935,957,1040
49,138,183,194,405,423,555,872,915,985
105,138,139,140,205,318,321,459,561,1008
98,122,138,139,140,141,142,474,587,644
141,142,148,202,406,487,590,646,675,987
17,53,81,296,431,611,637,850,947,1008
35,202,204,284,422,442,487,642,647,997
8,38,149,202,274,342,422,487,642,677
152,202,215,359,377,431,442,487,788,842
119,125,355,366,407,432,441,452,722,1031
8,161,204,284,412,436,487,642,870,897
11,12,38,45,161,412,456,487,871,963
28,160,166,167,168,171,180,187,402,448
166,167,168,171,172,173,174,177,178,180
164,166,167,168,175,180,183,395,422,487
8,166,169,202,204,284,442,487,496,642
166,167,169,171,172,173,174,177,178,180
166,167,171,172,173,174,177,178,180,184
31,180,181,182,183,422,442,487,491,683
171,172,173,174,177,178,180,182,183,185
171,172,173,174,175,177,178,180,182,185
171,172,173,174,177,178,180,184,185,186
184,187,191,333,383,410,482,768,988,1028
58,172,173,180,185,187,188,192,195,997
171,173,174,185,187,188,189,190,191,274
38,164,187,188,190,191,192,195,487,493
23,187,188,191,192,193,195,327,443,776
189,190,192,193,195,422,436,442,828,928
65,189,190,191,192,195,263,305,422,492
189,190,191,192,195,487,496,607,815,868
43,189,190,191,192,195,390,507,712,721
127,202,284,396,422,477,487,540,674,870
9,196,197,198,200,204,206,447,857,995
196,198,199,202,204,274,422,487,497,555
198,199,200,202,284,412,422,442,487,642
197,199,200,202,204,291,780,794,840,905
8,31,200,205,206,237,442,642,1005,1038
125,198,200,205,206,207,258,391,406,923
12,89,222,479,561,734,800,822,829,957
16,142,215,216,217,253,359,414,795,940
167,213,214,215,216,572,815,896,973,1015
6,18,70,84,144,217,587,614,815,1009
220,222,293,396,412,487,493,592,642,870
120,220,222,223,224,225,226,326,677,709
70,110,224,261,361,362,363,382,490,533
186,202,412,442,470,487,533,647,870,935
0,256,352,435,469,514,838,1004,1031,1041
31,228,230,327,492,780,900,911,997,1005
8,49,55,230,295,321,359,436,442,642
8,9,31,128,234,237,359,487,492,532
202,204,237,284,377,487,642,681,870,913
31,237,240,241,296,487,492,496,642,828
49,237,241,296,321,359,513,522,634,636
166,185,237,238,239,240,242,327,347,359
8,12,202,237,240,342,422,442,487,496
237,238,239,240,241,242,496,541,741,1015
24,29,65,238,241,242,415,769,857,1024
245,391,412,442,491,493,555,866,875,1037
246,247,276,436,513,602,647,660,806,817
123,147,249,313,443,745,807,855,913,1027
27,114,249,252,253,435,852,898,929,1017
6,249,252,253,397,502,705,710,778,1026
58,72,153,249,252,253,254,413,799,1005
141,244,250,251,252,253,254,483,648,866
38,202,252,253,254,412,487,497,531,647
237,259,262,263,265,267,271,272,273,275
257,260,266,268,271,273,275,277,280,281
256,260,261,263,265,269,272,274,276,278
262,263,264,265,266,267,268,272,273,280
258,259,262,264,272,273,280,281,282,283
260,262,263,264,265,267,271,272,273,275
258,259,262,264,272,273,280,281,282,283
258,262,264,265,272,273,280,281,282,283
258,259,262,264,272,273,280,281,282,283
262,273,280,281,282,283,643,647,660,870
9,31,180,269,270,278,279,285,296,321
31,202,284,422,487,496,642,660,674,997
92,169,292,293,422,442,459,487,496,796
8,202,284,342,396,422,442,487,642,647
38,202,284,292,293,396,442,487,492,642
202,284,292,293,442,487,492,555,642,660
51,86,140,291,294,318,591,810,841,867
18,237,293,298,435,436,487,493,660,754
32,202,295,296,297,298,395,487,873,1028
49,251,269,574,663,753,885,888,1016,1028
8,202,377,396,487,488,497,555,845,929
49,65,299,318,396,473,487,547,612,967
5,69,173,186,299,300,301,448,732,869
27,301,305,306,308,309,310,626,640,917
17,193,202,314,318,319,396,536,648,1034
239,314,318,319,364,477,487,547,560,870
315,316,317,318,394,429,467,487,647,666
22,166,202,318,319,395,404,449,487,951
22,314,318,319,322,372,393,493,660,935
4,321,322,323,324,325,327,329,332,837
56,237,321,322,323,324,327,329,332,754
31,95,172,237,321,323,327,329,500,832
209,228,321,322,327,329,332,333,342,838
11,36,280,283,337,339,572,674,899,1043
35,38,202,342,345,346,442,487,555,854
127,165,318,342,343,344,345,346,422,640
176,273,327,344,345,346,359,804,907,953
202,204,274,350,396,442,487,491,532,870
101,202,354,396,422,442,477,487,532,648
202,286,342,354,372,439,535,556,821,965
38,202,354,477,487,493,642,674,681,1015
12,220,226,255,327,359,406,549,690,983
166,202,318,342,355,396,422,439,442,487
202,392,422,449,487,564,645,660,674,1015
31,49,142,347,367,368,369,434,634,880
55,202,367,371,372,373,377,386,387,487
372,373,377,380,382,384,386,388,395,487
373,374,375,377,378,382,384,385,386,388
372,376,378,379,380,382,384,386,388,395
377,388,389,392,393,394,395,396,487,935
35,261,313,396,397,400,401,487,492,496
8,202,284,396,402,422,442,487,642,870
66,143,370,402,404,523,632,890,892,989
180,383,405,406,488,497,602,700,830,905
54,78,366,403,596,699,729,743,951,981
410,411,412,414,415,416,417,418,419,423
53,222,414,415,419,420,421,423,426,802
202,422,424,488,492,497,670,674,870,1019
31,49,237,402,423,425,426,442,647,875
178,232,358,430,495,509,659,665,678,812
9,202,284,395,412,422,425,442,487,642
110,289,303,418,419,423,426,530,591,829
202,342,412,422,427,430,431,442,487,660
207,322,427,429,430,431,595,644,799,891
31,126,350,430,431,544,552,757,799,854
155,164,382,396,427,429,430,748,950,1034
66,206,321,417,428,432,599,879,937,966
202,284,422,435,436,442,487,488,555,642
202,422,435,436,442,487,493,640,642,913
180,435,436,437,438,444,488,496,679,842
8,202,284,396,431,441,442,477,487,642
44,156,441,443,444,445,446,447,449,1035
342,441,443,444,445,446,447,449,459,795
284,431,442,443,444,446,487,856,870,929
442,443,444,445,446,447,449,487,635,642
437,441,443,444,445,446,447,664,740,923
31,436,441,442,444,445,446,447,448,487
38,312,422,449,455,487,488,493,642,870
318,338,448,449,470,487,492,499,533,642
22,306,327,422,432,452,467,739,852,856
14,377,396,412,452,460,487,496,642,935
68,430,451,452,453,457,653,699,881,942
9,38,202,274,412,442,452,454,487,929
2,170,251,274,329,439,453,458,675,830
202,318,459,460,487,488,493,678,682,870
202,412,442,462,463,464,466,468,470,487
284,463,464,466,468,470,472,533,642,845
21,439,473,474,504,552,591,594,871,973
69,112,217,348,475,476,562,670,981,1032
8,202,412,439,442,476,487,488,845,870
8,38,127,202,396,476,487,533,642,647
477,492,509,528,538,645,763,832,914,932
342,442,477,478,480,487,493,682,821,870
473,477,483,484,487,488,491,493,642,1016
38,314,318,432,484,485,487,555,687,1015
202,381,439,449,483,484,485,487,642,660
71,267,483,484,488,501,627,640,856,907
321,329,406,479,484,485,496,660,667,845
4,12,29,359,483,485,486,494,607,837
29,31,78,442,485,486,650,734,956,972
8,284,442,487,491,493,494,495,496,497
487,498,499,500,540,595,644,678,845,870
148,177,232,404,421,523,594,868,883,925
503,504,505,511,515,517,518,525,555,642
487,503,504,505,511,515,520,525,533,640
35,503,504,505,509,511,515,517,527,531
508,509,510,514,517,518,519,520,522,525
503,504,505,508,509,510,511,512,515,531
503,504,505,509,510,511,512,514,515,531
505,509,510,513,514,516,522,523,524,525
487,509,510,513,514,516,522,523,524,525
510,517,518,519,520,521,525,526,528,533
509,516,517,518,519,520,522,523,524,525
505,509,513,514,516,522,523,524,525,634
202,487,512,525,527,529,531,532,533,540
395,412,487,524,525,577,642,647,649,870
83,413,427,454,489,508,531,671,870,982
234,249,506,519,537,538,539,625,708,1017
202,422,449,487,537,538,539,540,642,660
202,442,487,537,538,539,540,555,556,595
17,318,487,536,542,543,544,635,660,1018
109,155,351,419,542,543,544,545,878,879
321,436,437,487,542,543,544,547,548,695
260,265,345,546,548,552,557,564,713,764
318,422,487,547,548,552,560,564,635,1015
224,376,545,548,555,556,558,560,563,887
196,435,469,558,560,563,564,565,778,988
318,547,552,558,560,563,564,565,566,594
17,148,550,561,562,563,564,565,566,567
8,9,11,237,296,442,487,564,790,835
8,12,202,442,487,488,491,642,831,870
43,357,437,505,569,570,572,573,630,914
208,223,391,481,502,569,570,572,573,975
22,555,574,575,576,579,582,647,700,857
96,419,574,575,576,578,580,581,585,887
8,496,497,574,575,576,577,679,682,712
442,533,540,574,575,579,582,595,642,660
163,182,576,578,579,580,581,583,584,585
318,536,560,578,579,580,581,582,583,584
49,578,579,580,583,584,621,748,796,892
292,487,578,579,580,581,582,583,584,585
148,204,579,582,583,584,585,586,593,785
202,209,487,574,578,583,585,586,657,974
221,564,579,580,581,582,583,585,586,947
202,477,495,535,552,582,586,642,678,914
38,202,296,496,592,593,649,682,832,997
594,597,599,603,614,615,616,617,624,630
597,598,599,600,602,603,606,611,629,631
594,597,599,603,614,615,616,617,624,630
597,600,602,605,606,614,618,620,622,624
38,396,599,600,602,603,605,607,610,997
594,606,607,608,609,612,613,614,624,630
594,597,607,609,611,612,613,614,624,630
606,607,612,613,614,619,624,626,629,631
594,605,611,614,615,616,617,619,620,624
597,614,615,616,617,618,620,621,622,624
614,615,616,617,618,620,621,622,624,630
614,615,616,617,618,620,621,622,624,630
611,614,615,616,617,618,620,621,622,631
597,613,614,615,616,617,618,624,626,630
611,614,615,616,617,618,620,621,622,624
612,613,616,617,618,619,620,623,625,631
612,613,615,616,617,619,623,625,628,631
615,616,617,618,620,621,622,626,629,631
611,615,616,617,618,620,621,622,629,631
617,619,620,622,623,625,626,629,630,631
615,616,617,618,620,621,622,624,625,627
611,615,616,617,618,620,621,622,626,631
611,616,617,618,620,621,622,626,629,631
607,613,616,619,622,623,625,626,629,631
615,616,617,618,620,621,622,626,629,631
597,614,615,616,617,624,626,629,630,631
619,620,621,622,623,626,627,629,630,631
164,381,592,619,623,625,629,630,631,635
599,618,620,621,622,626,627,629,630,631
217,565,597,633,634,636,637,693,802,868
8,31,237,428,485,625,634,635,636,637
56,204,394,591,634,635,636,637,757,894
318,395,560,634,635,636,637,670,821,935
202,396,487,642,643,644,645,646,647,648
202,487,642,643,644,645,646,647,648,935
202,396,487,642,643,644,645,646,647,648
652,653,655,656,657,658,662,663,664,667
655,656,657,658,661,662,663,664,665,667
657,661,662,663,664,665,667,668,669,671
661,662,664,667,668,669,671,673,674,678
661,664,669,671,673,674,678,679,682,683
664,669,671,673,674,678,679,681,682,683
663,665,668,672,678,679,681,682,683,685
661,664,671,673,674,678,679,681,682,683
661,669,671,673,674,678,679,681,682,683
202,442,487,642,647,674,676,677,683,684
664,669,671,673,674,678,679,681,682,683
669,671,672,673,674,678,679,681,682,683
672,685,687,689,690,691,692,693,694,695
686,687,688,689,690,691,692,693,694,695
686,687,688,689,690,691,692,693,694,695
686,687,688,689,690,691,692,693,694,695
686,687,688,689,690,691,692,693,694,695
202,487,642,647,674,678,681,683,699,700
27,185,225,487,660,697,698,737,917,994
332,341,518,539,697,698,699,700,703,891
202,396,642,678,683,696,698,699,700,867
14,320,518,561,697,698,700,703,870,910
202,436,439,487,674,682,699,701,702,703
483,574,648,673,701,702,704,705,706,708
419,555,628,706,708,713,715,721,811,1012
487,533,705,710,711,712,713,719,723,870
325,705,710,711,712,713,717,719,720,723
642,704,705,706,710,711,712,713,723,768
715,716,717,718,719,720,721,723,724,726
715,716,717,718,719,720,721,723,724,726
715,716,717,718,719,720,721,723,724,725
708,715,717,720,721,725,727,729,731,739
714,716,718,719,720,723,724,726,728,732
715,717,719,720,721,723,725,727,729,731
715,717,721,725,727,729,731,735,737,739
716,718,724,726,732,735,737,738,740,744
3,717,721,725,727,729,731,733,735,739
64,617,660,725,732,733,735,736,737,886
732,735,738,740,744,745,747,753,757,768
732,733,737,738,739,740,746,748,751,752
487,727,729,731,739,744,752,758,759,929
8,642,660,739,744,745,751,752,758,759
742,744,745,746,747,748,751,752,753,758
487,507,741,742,744,745,747,748,751,761
732,738,740,744,747,751,752,753,768,771
506,721,742,744,747,748,752,754,755,760
744,745,747,748,751,752,753,758,759,770
718,745,748,751,752,754,756,757,759,795
743,746,749,750,755,760,762,764,765,767
202,745,748,751,752,758,759,760,763,769
202,284,395,442,487,660,752,754,756,766
753,754,756,757,758,760,761,766,768,771
748,751,752,757,760,761,763,765,769,777
751,752,756,757,760,761,763,764,765,767
750,755,760,761,762,763,764,765,767,770
738,740,747,751,752,753,761,768,771,783
755,757,758,759,760,761,762,764,765,767
759,762,763,764,767,769,770,777,779,782
755,757,762,763,764,765,767,769,770,774
758,759,763,764,765,769,770,777,779,785
763,764,765,767,769,770,771,774,777,785
761,772,773,774,775,776,777,778,780,781
772,773,774,775,776,777,778,780,781,782
771,772,773,774,775,776,778,780,781,783
753,768,771,774,776,778,780,781,783,788
761,772,773,774,776,777,778,780,781,782
772,774,776,777,778,779,780,782,784,785
8,442,487,540,640,647,681,784,845,870
422,442,487,674,788,789,790,791,794,870
8,422,442,487,642,788,789,790,794,796
787,790,793,794,795,797,800,801,803,807
12,269,787,788,793,795,804,821,839,854
21,556,673,794,795,796,802,807,808,842
5,437,557,671,754,791,795,800,802,988
149,202,393,396,795,802,807,808,821,826
810,812,813,814,815,816,817,818,823,824
810,812,814,815,816,817,818,822,823,824
643,811,813,815,817,819,820,821,822,866
809,811,813,815,817,819,820,821,822,825
811,813,814,815,817,819,820,821,822,825
811,813,814,819,820,821,822,823,824,825
810,812,814,815,816,817,818,822,823,824
310,811,813,815,816,819,820,821,822,823
811,813,815,816,817,819,820,821,822,825
825,826,827,828,829,831,832,833,835,837
821,825,826,827,828,829,831,833,834,835
825,828,829,831,832,833,834,835,837,839
826,827,828,829,831,832,833,834,835,837
811,820,830,831,832,833,834,835,837,839
809,811,820,830,831,832,833,835,837,839
823,824,825,828,829,833,837,840,843,844
110,111,293,482,691,840,841,843,844,995
16,274,381,647,660,840,843,844,893,997
8,202,422,442,487,533,642,647,845,935
202,334,454,477,487,642,835,846,848,849
16,125,642,814,837,851,852,853,854,855
435,487,734,851,852,853,854,855,864,941
202,442,487,540,555,642,647,660,853,870
377,396,412,487,855,856,857,858,859,860
202,487,497,855,856,857,858,859,860,864
442,640,646,842,855,856,857,858,859,860
313,594,686,714,853,854,855,861,862,863
304,472,853,854,855,861,862,863,907,970
236,853,854,855,859,861,862,863,864,913
555,577,642,646,675,683,865,866,867,868
284,487,490,499,845,854,865,867,868,881
66,341,641,682,684,700,720,742,866,868
487,491,642,682,754,865,866,878,881,882
876,877,878,879,880,882,883,884,885,887
753,857,874,875,877,884,886,890,892,893
110,340,468,734,737,799,894,895,896,955
342,375,442,496,540,739,814,900,912,1000
202,679,870,902,903,907,908,909,911,913
66,674,902,903,906,907,908,909,910,911
9,55,640,856,902,904,905,906,907,908
8,870,902,903,906,907,908,909,910,911
758,902,904,906,907,908,909,910,914,917
275,764,902,904,905,906,907,908,909,914
187,750,902,904,906,907,908,909,910,914
436,902,904,906,907,908,909,910,911,913
589,600,902,907,911,912,916,917,918,942
237,513,574,829,912,914,916,917,918,919
166,228,229,892,906,912,913,916,917,918
28,318,400,583,923,924,927,928,932,1042
8,431,487,540,923,927,935,940,942,943
927,930,931,935,937,940,942,943,948,1024
121,405,927,930,931,935,937,940,942,943
923,927,930,931,935,940,941,942,943,944
487,642,923,927,935,940,942,943,945,948
867,935,941,942,943,945,946,947,948,949
150,151,637,930,940,942,943,944,945,948
531,930,935,942,943,945,947,948,950,951
940,943,944,945,946,947,948,949,951,960
43,114,323,430,892,945,946,947,948,949
943,945,950,951,953,955,957,958,959,962
202,487,642,927,942,943,945,950,951,960
921,942,943,945,950,951,952,954,958,960
950,951,953,954,956,957,958,959,960,962
950,951,953,955,957,958,959,960,962,969
422,952,953,954,955,956,958,960,961,963
950,951,953,954,955,957,958,959,960,962
202,487,532,642,853,954,956,958,960,964
953,954,955,956,957,958,959,960,961,962
950,951,953,955,957,958,959,960,961,962
960,963,964,965,966,967,968,970,972,973
287,533,963,964,965,968,969,970,972,985
964,969,971,972,973,975,977,979,981,988
968,969,972,976,978,980,981,982,983,985
963,968,975,978,979,980,981,982,983,985
977,978,980,981,982,983,984,988,989,990
960,969,975,976,978,980,981,982,983,986
960,969,975,976,978,979,980,981,982,983
960,975,976,977,978,979,980,981,982,983
975,977,978,980,981,982,983,984,988,993
969,975,976,978,979,980,981,982,983,986
969,975,976,978,979,980,981,982,983,986
976,978,979,981,984,985,986,987,988,989
969,975,976,978,980,981,982,983,986,988
976,977,979,980,983,984,985,986,988,989
975,979,980,983,984,985,986,987,988,989
969,975,976,978,980,981,982,983,986,988
487,636,677,975,978,979,985,986,988,989
221,366,570,979,981,982,985,986,988,989
422,977,978,981,982,983,984,985,986,988
95,485,978,979,981,982,985,986,988,989
969,975,976,978,980,981,982,983,986,988
450,729,990,991,992,993,995,996,999,1003
92,984,990,991,992,993,996,999,1002,1003
144,824,978,981,990,991,992,993,994,996
215,652,841,927,996,998,999,1000,1010,1012
998,1000,1004,1005,1006,1007,1008,1010,1011,1013
249,293,395,999,1008,1009,1010,1011,1012,1013
98,998,1004,1005,1006,1007,1008,1010,1011,1013
288,417,899,1004,1006,1007,1008,1010,1011,1013
901,1000,1004,1006,1007,1008,1010,1011,1012,1013
318,1018,1019,1020,1021,1022,1023,1024,1025,1026
395,663,678,951,1016,1019,1022,1023,1024,1025
678,1021,1022,1023,1025,1026,1027,1029,1030,1031
661,1021,1022,1023,1026,1027,1028,1029,1030,1031
1021,1022,1025,1026,1027,1028,1029,1030,1031,1033
174,200,442,582,790,1023,1024,1027,1028,1030
8,419,496,556,1026,1027,1030,1031,1032,1033
12,204,237,442,487,642,679,1028,1030,1031
296,406,442,1012,1021,1027,1029,1030,1031,1033
23,103,245,344,502,513,590,697,859,1029
164,167,292,456,522,591,930,981,1004,1014
110,322,327,503,796,803,1039,1040,1042,1043
53,116,172,362,399,871,879,1039,1042,1043
168,216,505,508,1033,1034,1039,1042,1043,1044
298,412,540,666,755,856,865,893,926,1039
